1 1 2 
2 1 5 
3 1 12 
4 2 9 
5 2 16 
6 3 17 
7 4 13 
8 4 21 
9 4 22 
10 6 20 
11 7 9 
12 7 12 
13 8 13 
14 8 14 
15 9 14 
16 10 15 
17 10 18 
18 10 21 
19 11 12 
20 13 20 
21 14 17 
22 15 22 
23 15 23 
24 17 20 
25 19 21 
26 24 25 
27 24 28 
28 24 35 
29 25 32 
30 25 39 
31 26 40 
32 27 36 
33 27 44 
34 27 45 
35 29 43 
36 30 32 
37 30 35 
38 31 36 
39 31 37 
40 32 37 
41 33 38 
42 33 41 
43 33 44 
44 34 35 
45 36 43 
46 37 40 
47 38 45 
48 38 46 
49 40 43 
50 42 44 
51 47 48 
52 47 51 
53 47 58 
54 48 55 
55 48 62 
56 49 63 
57 50 59 
58 50 67 
59 50 68 
60 52 66 
61 53 55 
62 53 58 
63 54 59 
64 54 60 
65 55 60 
66 56 61 
67 56 64 
68 56 67 
69 57 58 
70 59 66 
71 60 63 
72 61 68 
73 61 69 
74 63 66 
75 65 67 
76 70 71 
77 70 74 
78 70 81 
79 71 78 
80 71 85 
81 72 86 
82 73 82 
83 73 90 
84 73 91 
85 75 89 
86 76 78 
87 76 81 
88 77 82 
89 77 83 
90 78 83 
91 79 84 
92 79 87 
93 79 90 
94 80 81 
95 82 89 
96 83 86 
97 84 91 
98 84 92 
99 86 89 
100 88 90 
101 93 94 
102 93 97 
103 93 104 
104 94 101 
105 94 108 
106 95 109 
107 96 105 
108 96 113 
109 96 114 
110 98 112 
111 99 101 
112 99 104 
113 100 105 
114 100 106 
115 101 106 
116 102 107 
117 102 110 
118 102 113 
119 103 104 
120 105 112 
121 106 109 
122 107 114 
123 107 115 
124 109 112 
125 111 113 
126 116 117 
127 116 120 
128 116 127 
129 117 124 
130 117 131 
131 118 132 
132 119 128 
133 119 136 
134 119 137 
135 121 135 
136 122 124 
137 122 127 
138 123 128 
139 123 129 
140 124 129 
141 125 130 
142 125 133 
143 125 136 
144 126 127 
145 128 135 
146 129 132 
147 130 137 
148 130 138 
149 132 135 
150 134 136 
151 139 140 
152 139 143 
153 139 150 
154 140 147 
155 140 154 
156 141 155 
157 142 151 
158 142 159 
159 142 160 
160 144 158 
161 145 147 
162 145 150 
163 146 151 
164 146 152 
165 147 152 
166 148 153 
167 148 156 
168 148 159 
169 149 150 
170 151 158 
171 152 155 
172 153 160 
173 153 161 
174 155 158 
175 157 159 
176 162 163 
177 162 166 
178 162 173 
179 163 170 
180 163 177 
181 164 178 
182 165 174 
183 165 182 
184 165 183 
185 167 181 
186 168 170 
187 168 173 
188 169 174 
189 169 175 
190 170 175 
191 171 176 
192 171 179 
193 171 182 
194 172 173 
195 174 181 
196 175 178 
197 176 183 
198 176 184 
199 178 181 
200 180 182 
201 185 186 
202 185 189 
203 185 196 
204 186 193 
205 186 200 
206 187 201 
207 188 197 
208 188 205 
209 188 206 
210 190 204 
211 191 193 
212 191 196 
213 192 197 
214 192 198 
215 193 198 
216 194 199 
217 194 202 
218 194 205 
219 195 196 
220 197 204 
221 198 201 
222 199 206 
223 199 207 
224 201 204 
225 203 205 
226 208 209 
227 208 212 
228 208 219 
229 209 216 
230 209 223 
231 210 224 
232 211 220 
233 211 228 
234 211 229 
235 213 227 
236 214 216 
237 214 219 
238 215 220 
239 215 221 
240 216 221 
241 217 222 
242 217 225 
243 217 228 
244 218 219 
245 220 227 
246 221 224 
247 222 229 
248 222 230 
249 224 227 
250 226 228 
251 231 232 
252 231 235 
253 231 242 
254 232 239 
255 232 246 
256 233 247 
257 234 243 
258 234 251 
259 234 252 
260 236 250 
261 237 239 
262 237 242 
263 238 243 
264 238 244 
265 239 244 
266 240 245 
267 240 248 
268 240 251 
269 241 242 
270 243 250 
271 244 247 
272 245 252 
273 245 253 
274 247 250 
275 249 251 
276 254 255 
277 254 258 
278 254 265 
279 255 262 
280 255 269 
281 256 270 
282 257 266 
283 257 274 
284 257 275 
285 259 273 
286 260 262 
287 260 265 
288 261 266 
289 261 267 
290 262 267 
291 263 268 
292 263 271 
293 263 274 
294 264 265 
295 266 273 
296 267 270 
297 268 275 
298 268 276 
299 270 273 
300 272 274 
301 277 278 
302 277 281 
303 277 288 
304 278 285 
305 278 292 
306 279 293 
307 280 289 
308 280 297 
309 280 298 
310 282 296 
311 283 285 
312 283 288 
313 284 289 
314 284 290 
315 285 290 
316 286 291 
317 286 294 
318 286 297 
319 287 288 
320 289 296 
321 290 293 
322 291 298 
323 291 299 
324 293 296 
325 295 297 
326 300 301 
327 300 304 
328 300 311 
329 301 308 
330 301 315 
331 302 316 
332 303 312 
333 303 320 
334 303 321 
335 305 319 
336 306 308 
337 306 311 
338 307 312 
339 307 313 
340 308 313 
341 309 314 
342 309 317 
343 309 320 
344 310 311 
345 312 319 
346 313 316 
347 314 321 
348 314 322 
349 316 319 
350 318 320 
351 323 324 
352 323 327 
353 323 334 
354 324 331 
355 324 338 
356 325 339 
357 326 335 
358 326 343 
359 326 344 
360 328 342 
361 329 331 
362 329 334 
363 330 335 
364 330 336 
365 331 336 
366 332 337 
367 332 340 
368 332 343 
369 333 334 
370 335 342 
371 336 339 
372 337 344 
373 337 345 
374 339 342 
375 341 343 
376 346 347 
377 346 350 
378 346 357 
379 347 354 
380 347 361 
381 348 362 
382 349 358 
383 349 366 
384 349 367 
385 351 365 
386 352 354 
387 352 357 
388 353 358 
389 353 359 
390 354 359 
391 355 360 
392 355 363 
393 355 366 
394 356 357 
395 358 365 
396 359 362 
397 360 367 
398 360 368 
399 362 365 
400 364 366 
401 369 370 
402 369 373 
403 369 380 
404 370 377 
405 370 384 
406 371 385 
407 372 381 
408 372 389 
409 372 390 
410 374 388 
411 375 377 
412 375 380 
413 376 381 
414 376 382 
415 377 382 
416 378 383 
417 378 386 
418 378 389 
419 379 380 
420 381 388 
421 382 385 
422 383 390 
423 383 391 
424 385 388 
425 387 389 
426 392 393 
427 392 396 
428 392 403 
429 393 400 
430 393 407 
431 394 408 
432 395 404 
433 395 412 
434 395 413 
435 397 411 
436 398 400 
437 398 403 
438 399 404 
439 399 405 
440 400 405 
441 401 406 
442 401 409 
443 401 412 
444 402 403 
445 404 411 
446 405 408 
447 406 413 
448 406 414 
449 408 411 
450 410 412 
451 415 416 
452 415 419 
453 415 426 
454 416 423 
455 416 430 
456 417 431 
457 418 427 
458 418 435 
459 418 436 
460 420 434 
461 421 423 
462 421 426 
463 422 427 
464 422 428 
465 423 428 
466 424 429 
467 424 432 
468 424 435 
469 425 426 
470 427 434 
471 428 431 
472 429 436 
473 429 437 
474 431 434 
475 433 435 
476 438 439 
477 438 442 
478 438 449 
479 439 446 
480 439 453 
481 440 454 
482 441 450 
483 441 458 
484 441 459 
485 443 457 
486 444 446 
487 444 449 
488 445 450 
489 445 451 
490 446 451 
491 447 452 
492 447 455 
493 447 458 
494 448 449 
495 450 457 
496 451 454 
497 452 459 
498 452 460 
499 454 457 
500 456 458 
501 461 462 
502 461 465 
503 461 472 
504 462 469 
505 462 476 
506 463 477 
507 464 473 
508 464 481 
509 464 482 
510 466 480 
511 467 469 
512 467 472 
513 468 473 
514 468 474 
515 469 474 
516 470 475 
517 470 478 
518 470 481 
519 471 472 
520 473 480 
521 474 477 
522 475 482 
523 475 483 
524 477 480 
525 479 481 
526 484 485 
527 484 488 
528 484 495 
529 485 492 
530 485 499 
531 486 500 
532 487 496 
533 487 504 
534 487 505 
535 489 503 
536 490 492 
537 490 495 
538 491 496 
539 491 497 
540 492 497 
541 493 498 
542 493 501 
543 493 504 
544 494 495 
545 496 503 
546 497 500 
547 498 505 
548 498 506 
549 500 503 
550 502 504 
551 507 508 
552 507 511 
553 507 518 
554 508 515 
555 508 522 
556 509 523 
557 510 519 
558 510 527 
559 510 528 
560 512 526 
561 513 515 
562 513 518 
563 514 519 
564 514 520 
565 515 520 
566 516 521 
567 516 524 
568 516 527 
569 517 518 
570 519 526 
571 520 523 
572 521 528 
573 521 529 
574 523 526 
575 525 527 
576 530 531 
577 530 534 
578 530 541 
579 531 538 
580 531 545 
581 532 546 
582 533 542 
583 533 550 
584 533 551 
585 535 549 
586 536 538 
587 536 541 
588 537 542 
589 537 543 
590 538 543 
591 539 544 
592 539 547 
593 539 550 
594 540 541 
595 542 549 
596 543 546 
597 544 551 
598 544 552 
599 546 549 
600 548 550 
601 553 554 
602 553 557 
603 553 564 
604 554 561 
605 554 568 
606 555 569 
607 556 565 
608 556 573 
609 556 574 
610 558 572 
611 559 561 
612 559 564 
613 560 565 
614 560 566 
615 561 566 
616 562 567 
617 562 570 
618 562 573 
619 563 564 
620 565 572 
621 566 569 
622 567 574 
623 567 575 
624 569 572 
625 571 573 
626 576 577 
627 576 580 
628 576 587 
629 577 584 
630 577 591 
631 578 592 
632 579 588 
633 579 596 
634 579 597 
635 581 595 
636 582 584 
637 582 587 
638 583 588 
639 583 589 
640 584 589 
641 585 590 
642 585 593 
643 585 596 
644 586 587 
645 588 595 
646 589 592 
647 590 597 
648 590 598 
649 592 595 
650 594 596 
651 599 600 
652 599 603 
653 599 610 
654 600 607 
655 600 614 
656 601 615 
657 602 611 
658 602 619 
659 602 620 
660 604 618 
661 605 607 
662 605 610 
663 606 611 
664 606 612 
665 607 612 
666 608 613 
667 608 616 
668 608 619 
669 609 610 
670 611 618 
671 612 615 
672 613 620 
673 613 621 
674 615 618 
675 617 619 
676 622 623 
677 622 626 
678 622 633 
679 623 630 
680 623 637 
681 624 638 
682 625 634 
683 625 642 
684 625 643 
685 627 641 
686 628 630 
687 628 633 
688 629 634 
689 629 635 
690 630 635 
691 631 636 
692 631 639 
693 631 642 
694 632 633 
695 634 641 
696 635 638 
697 636 643 
698 636 644 
699 638 641 
700 640 642 
701 645 646 
702 645 649 
703 645 656 
704 646 653 
705 646 660 
706 647 661 
707 648 657 
708 648 665 
709 648 666 
710 650 664 
711 651 653 
712 651 656 
713 652 657 
714 652 658 
715 653 658 
716 654 659 
717 654 662 
718 654 665 
719 655 656 
720 657 664 
721 658 661 
722 659 666 
723 659 667 
724 661 664 
725 663 665 
726 668 669 
727 668 672 
728 668 679 
729 669 676 
730 669 683 
731 670 684 
732 671 680 
733 671 688 
734 671 689 
735 673 687 
736 674 676 
737 674 679 
738 675 680 
739 675 681 
740 676 681 
741 677 682 
742 677 685 
743 677 688 
744 678 679 
745 680 687 
746 681 684 
747 682 689 
748 682 690 
749 684 687 
750 686 688 
751 691 692 
752 691 695 
753 691 702 
754 692 699 
755 692 706 
756 693 707 
757 694 703 
758 694 711 
759 694 712 
760 696 710 
761 697 699 
762 697 702 
763 698 703 
764 698 704 
765 699 704 
766 700 705 
767 700 708 
768 700 711 
769 701 702 
770 703 710 
771 704 707 
772 705 712 
773 705 713 
774 707 710 
775 709 711 
776 714 715 
777 714 718 
778 714 725 
779 715 722 
780 715 729 
781 716 730 
782 717 726 
783 717 734 
784 717 735 
785 719 733 
786 720 722 
787 720 725 
788 721 726 
789 721 727 
790 722 727 
791 723 728 
792 723 731 
793 723 734 
794 724 725 
795 726 733 
796 727 730 
797 728 735 
798 728 736 
799 730 733 
800 732 734 
801 737 738 
802 737 741 
803 737 748 
804 738 745 
805 738 752 
806 739 753 
807 740 749 
808 740 757 
809 740 758 
810 742 756 
811 743 745 
812 743 748 
813 744 749 
814 744 750 
815 745 750 
816 746 751 
817 746 754 
818 746 757 
819 747 748 
820 749 756 
821 750 753 
822 751 758 
823 751 759 
824 753 756 
825 755 757 
826 760 761 
827 760 764 
828 760 771 
829 761 768 
830 761 775 
831 762 776 
832 763 772 
833 763 780 
834 763 781 
835 765 779 
836 766 768 
837 766 771 
838 767 772 
839 767 773 
840 768 773 
841 769 774 
842 769 777 
843 769 780 
844 770 771 
845 772 779 
846 773 776 
847 774 781 
848 774 782 
849 776 779 
850 778 780 
851 783 784 
852 783 787 
853 783 794 
854 784 791 
855 784 798 
856 785 799 
857 786 795 
858 786 803 
859 786 804 
860 788 802 
861 789 791 
862 789 794 
863 790 795 
864 790 796 
865 791 796 
866 792 797 
867 792 800 
868 792 803 
869 793 794 
870 795 802 
871 796 799 
872 797 804 
873 797 805 
874 799 802 
875 801 803 
876 806 807 
877 806 810 
878 806 817 
879 807 814 
880 807 821 
881 808 822 
882 809 818 
883 809 826 
884 809 827 
885 811 825 
886 812 814 
887 812 817 
888 813 818 
889 813 819 
890 814 819 
891 815 820 
892 815 823 
893 815 826 
894 816 817 
895 818 825 
896 819 822 
897 820 827 
898 820 828 
899 822 825 
900 824 826 
901 829 830 
902 829 833 
903 829 840 
904 830 837 
905 830 844 
906 831 845 
907 832 841 
908 832 849 
909 832 850 
910 834 848 
911 835 837 
912 835 840 
913 836 841 
914 836 842 
915 837 842 
916 838 843 
917 838 846 
918 838 849 
919 839 840 
920 841 848 
921 842 845 
922 843 850 
923 843 851 
924 845 848 
925 847 849 
926 852 853 
927 852 856 
928 852 863 
929 853 860 
930 853 867 
931 854 868 
932 855 864 
933 855 872 
934 855 873 
935 857 871 
936 858 860 
937 858 863 
938 859 864 
939 859 865 
940 860 865 
941 861 866 
942 861 869 
943 861 872 
944 862 863 
945 864 871 
946 865 868 
947 866 873 
948 866 874 
949 868 871 
950 870 872 
951 875 876 
952 875 879 
953 875 886 
954 876 883 
955 876 890 
956 877 891 
957 878 887 
958 878 895 
959 878 896 
960 880 894 
961 881 883 
962 881 886 
963 882 887 
964 882 888 
965 883 888 
966 884 889 
967 884 892 
968 884 895 
969 885 886 
970 887 894 
971 888 891 
972 889 896 
973 889 897 
974 891 894 
975 893 895 
976 898 899 
977 898 902 
978 898 909 
979 899 906 
980 899 913 
981 900 914 
982 901 910 
983 901 918 
984 901 919 
985 903 917 
986 904 906 
987 904 909 
988 905 910 
989 905 911 
990 906 911 
991 907 912 
992 907 915 
993 907 918 
994 908 909 
995 910 917 
996 911 914 
997 912 919 
998 912 920 
999 914 917 
1000 916 918 
1001 921 922 
1002 921 925 
1003 921 932 
1004 922 929 
1005 922 936 
1006 923 937 
1007 924 933 
1008 924 941 
1009 924 942 
1010 926 940 
1011 927 929 
1012 927 932 
1013 928 933 
1014 928 934 
1015 929 934 
1016 930 935 
1017 930 938 
1018 930 941 
1019 931 932 
1020 933 940 
1021 934 937 
1022 935 942 
1023 935 943 
1024 937 940 
1025 939 941 
1026 944 945 
1027 944 948 
1028 944 955 
1029 945 952 
1030 945 959 
1031 946 960 
1032 947 956 
1033 947 964 
1034 947 965 
1035 949 963 
1036 950 952 
1037 950 955 
1038 951 956 
1039 951 957 
1040 952 957 
1041 953 958 
1042 953 961 
1043 953 964 
1044 954 955 
1045 956 963 
1046 957 960 
1047 958 965 
1048 958 966 
1049 960 963 
1050 962 964 
1051 967 968 
1052 967 971 
1053 967 978 
1054 968 975 
1055 968 982 
1056 969 983 
1057 970 979 
1058 970 987 
1059 970 988 
1060 972 986 
1061 973 975 
1062 973 978 
1063 974 979 
1064 974 980 
1065 975 980 
1066 976 981 
1067 976 984 
1068 976 987 
1069 977 978 
1070 979 986 
1071 980 983 
1072 981 988 
1073 981 989 
1074 983 986 
1075 985 987 
1076 990 991 
1077 990 994 
1078 990 1001 
1079 991 998 
1080 991 1005 
1081 992 1006 
1082 993 1002 
1083 993 1010 
1084 993 1011 
1085 995 1009 
1086 996 998 
1087 996 1001 
1088 997 1002 
1089 997 1003 
1090 998 1003 
1091 999 1004 
1092 999 1007 
1093 999 1010 
1094 1000 1001 
1095 1002 1009 
1096 1003 1006 
1097 1004 1011 
1098 1004 1012 
1099 1006 1009 
1100 1008 1010 
1101 1013 1014 
1102 1013 1017 
1103 1013 1024 
1104 1014 1021 
1105 1014 1028 
1106 1015 1029 
1107 1016 1025 
1108 1016 1033 
1109 1016 1034 
1110 1018 1032 
1111 1019 1021 
1112 1019 1024 
1113 1020 1025 
1114 1020 1026 
1115 1021 1026 
1116 1022 1027 
1117 1022 1030 
1118 1022 1033 
1119 1023 1024 
1120 1025 1032 
1121 1026 1029 
1122 1027 1034 
1123 1027 1035 
1124 1029 1032 
1125 1031 1033 
1126 1036 1037 
1127 1036 1040 
1128 1036 1047 
1129 1037 1044 
1130 1037 1051 
1131 1038 1052 
1132 1039 1048 
1133 1039 1056 
1134 1039 1057 
1135 1041 1055 
1136 1042 1044 
1137 1042 1047 
1138 1043 1048 
1139 1043 1049 
1140 1044 1049 
1141 1045 1050 
1142 1045 1053 
1143 1045 1056 
1144 1046 1047 
1145 1048 1055 
1146 1049 1052 
1147 1050 1057 
1148 1050 1058 
1149 1052 1055 
1150 1054 1056 
1151 1059 1060 
1152 1059 1063 
1153 1059 1070 
1154 1060 1067 
1155 1060 1074 
1156 1061 1075 
1157 1062 1071 
1158 1062 1079 
1159 1062 1080 
1160 1064 1078 
1161 1065 1067 
1162 1065 1070 
1163 1066 1071 
1164 1066 1072 
1165 1067 1072 
1166 1068 1073 
1167 1068 1076 
1168 1068 1079 
1169 1069 1070 
1170 1071 1078 
1171 1072 1075 
1172 1073 1080 
1173 1073 1081 
1174 1075 1078 
1175 1077 1079 
1176 1082 1083 
1177 1082 1086 
1178 1082 1093 
1179 1083 1090 
1180 1083 1097 
1181 1084 1098 
1182 1085 1094 
1183 1085 1102 
1184 1085 1103 
1185 1087 1101 
1186 1088 1090 
1187 1088 1093 
1188 1089 1094 
1189 1089 1095 
1190 1090 1095 
1191 1091 1096 
1192 1091 1099 
1193 1091 1102 
1194 1092 1093 
1195 1094 1101 
1196 1095 1098 
1197 1096 1103 
1198 1096 1104 
1199 1098 1101 
1200 1100 1102 
1201 1105 1106 
1202 1105 1109 
1203 1105 1116 
1204 1106 1113 
1205 1106 1120 
1206 1107 1121 
1207 1108 1117 
1208 1108 1125 
1209 1108 1126 
1210 1110 1124 
1211 1111 1113 
1212 1111 1116 
1213 1112 1117 
1214 1112 1118 
1215 1113 1118 
1216 1114 1119 
1217 1114 1122 
1218 1114 1125 
1219 1115 1116 
1220 1117 1124 
1221 1118 1121 
1222 1119 1126 
1223 1119 1127 
1224 1121 1124 
1225 1123 1125 
1226 1128 1129 
1227 1128 1132 
1228 1128 1139 
1229 1129 1136 
1230 1129 1143 
1231 1130 1144 
1232 1131 1140 
1233 1131 1148 
1234 1131 1149 
1235 1133 1147 
1236 1134 1136 
1237 1134 1139 
1238 1135 1140 
1239 1135 1141 
1240 1136 1141 
1241 1137 1142 
1242 1137 1145 
1243 1137 1148 
1244 1138 1139 
1245 1140 1147 
1246 1141 1144 
1247 1142 1149 
1248 1142 1150 
1249 1144 1147 
1250 1146 1148 
1251 1151 1152 
1252 1151 1155 
1253 1151 1162 
1254 1152 1159 
1255 1152 1166 
1256 1153 1167 
1257 1154 1163 
1258 1154 1171 
1259 1154 1172 
1260 1156 1170 
1261 1157 1159 
1262 1157 1162 
1263 1158 1163 
1264 1158 1164 
1265 1159 1164 
1266 1160 1165 
1267 1160 1168 
1268 1160 1171 
1269 1161 1162 
1270 1163 1170 
1271 1164 1167 
1272 1165 1172 
1273 1165 1173 
1274 1167 1170 
1275 1169 1171 
1276 1174 1175 
1277 1174 1178 
1278 1174 1185 
1279 1175 1182 
1280 1175 1189 
1281 1176 1190 
1282 1177 1186 
1283 1177 1194 
1284 1177 1195 
1285 1179 1193 
1286 1180 1182 
1287 1180 1185 
1288 1181 1186 
1289 1181 1187 
1290 1182 1187 
1291 1183 1188 
1292 1183 1191 
1293 1183 1194 
1294 1184 1185 
1295 1186 1193 
1296 1187 1190 
1297 1188 1195 
1298 1188 1196 
1299 1190 1193 
1300 1192 1194 
1301 1197 1198 
1302 1197 1201 
1303 1197 1208 
1304 1198 1205 
1305 1198 1212 
1306 1199 1213 
1307 1200 1209 
1308 1200 1217 
1309 1200 1218 
1310 1202 1216 
1311 1203 1205 
1312 1203 1208 
1313 1204 1209 
1314 1204 1210 
1315 1205 1210 
1316 1206 1211 
1317 1206 1214 
1318 1206 1217 
1319 1207 1208 
1320 1209 1216 
1321 1210 1213 
1322 1211 1218 
1323 1211 1219 
1324 1213 1216 
1325 1215 1217 
1326 1220 1221 
1327 1220 1224 
1328 1220 1231 
1329 1221 1228 
1330 1221 1235 
1331 1222 1236 
1332 1223 1232 
1333 1223 1240 
1334 1223 1241 
1335 1225 1239 
1336 1226 1228 
1337 1226 1231 
1338 1227 1232 
1339 1227 1233 
1340 1228 1233 
1341 1229 1234 
1342 1229 1237 
1343 1229 1240 
1344 1230 1231 
1345 1232 1239 
1346 1233 1236 
1347 1234 1241 
1348 1234 1242 
1349 1236 1239 
1350 1238 1240 
1351 1243 1244 
1352 1243 1247 
1353 1243 1254 
1354 1244 1251 
1355 1244 1258 
1356 1245 1259 
1357 1246 1255 
1358 1246 1263 
1359 1246 1264 
1360 1248 1262 
1361 1249 1251 
1362 1249 1254 
1363 1250 1255 
1364 1250 1256 
1365 1251 1256 
1366 1252 1257 
1367 1252 1260 
1368 1252 1263 
1369 1253 1254 
1370 1255 1262 
1371 1256 1259 
1372 1257 1264 
1373 1257 1265 
1374 1259 1262 
1375 1261 1263 
1376 1266 1267 
1377 1266 1270 
1378 1266 1277 
1379 1267 1274 
1380 1267 1281 
1381 1268 1282 
1382 1269 1278 
1383 1269 1286 
1384 1269 1287 
1385 1271 1285 
1386 1272 1274 
1387 1272 1277 
1388 1273 1278 
1389 1273 1279 
1390 1274 1279 
1391 1275 1280 
1392 1275 1283 
1393 1275 1286 
1394 1276 1277 
1395 1278 1285 
1396 1279 1282 
1397 1280 1287 
1398 1280 1288 
1399 1282 1285 
1400 1284 1286 
1401 1289 1290 
1402 1289 1293 
1403 1289 1300 
1404 1290 1297 
1405 1290 1304 
1406 1291 1305 
1407 1292 1301 
1408 1292 1309 
1409 1292 1310 
1410 1294 1308 
1411 1295 1297 
1412 1295 1300 
1413 1296 1301 
1414 1296 1302 
1415 1297 1302 
1416 1298 1303 
1417 1298 1306 
1418 1298 1309 
1419 1299 1300 
1420 1301 1308 
1421 1302 1305 
1422 1303 1310 
1423 1303 1311 
1424 1305 1308 
1425 1307 1309 
1426 1312 1313 
1427 1312 1316 
1428 1312 1323 
1429 1313 1320 
1430 1313 1327 
1431 1314 1328 
1432 1315 1324 
1433 1315 1332 
1434 1315 1333 
1435 1317 1331 
1436 1318 1320 
1437 1318 1323 
1438 1319 1324 
1439 1319 1325 
1440 1320 1325 
1441 1321 1326 
1442 1321 1329 
1443 1321 1332 
1444 1322 1323 
1445 1324 1331 
1446 1325 1328 
1447 1326 1333 
1448 1326 1334 
1449 1328 1331 
1450 1330 1332 
1451 1335 1336 
1452 1335 1339 
1453 1335 1346 
1454 1336 1343 
1455 1336 1350 
1456 1337 1351 
1457 1338 1347 
1458 1338 1355 
1459 1338 1356 
1460 1340 1354 
1461 1341 1343 
1462 1341 1346 
1463 1342 1347 
1464 1342 1348 
1465 1343 1348 
1466 1344 1349 
1467 1344 1352 
1468 1344 1355 
1469 1345 1346 
1470 1347 1354 
1471 1348 1351 
1472 1349 1356 
1473 1349 1357 
1474 1351 1354 
1475 1353 1355 
1476 1358 1359 
1477 1358 1362 
1478 1358 1369 
1479 1359 1366 
1480 1359 1373 
1481 1360 1374 
1482 1361 1370 
1483 1361 1378 
1484 1361 1379 
1485 1363 1377 
1486 1364 1366 
1487 1364 1369 
1488 1365 1370 
1489 1365 1371 
1490 1366 1371 
1491 1367 1372 
1492 1367 1375 
1493 1367 1378 
1494 1368 1369 
1495 1370 1377 
1496 1371 1374 
1497 1372 1379 
1498 1372 1380 
1499 1374 1377 
1500 1376 1378 
1501 1381 1382 
1502 1381 1385 
1503 1381 1392 
1504 1382 1389 
1505 1382 1396 
1506 1383 1397 
1507 1384 1393 
1508 1384 1401 
1509 1384 1402 
1510 1386 1400 
1511 1387 1389 
1512 1387 1392 
1513 1388 1393 
1514 1388 1394 
1515 1389 1394 
1516 1390 1395 
1517 1390 1398 
1518 1390 1401 
1519 1391 1392 
1520 1393 1400 
1521 1394 1397 
1522 1395 1402 
1523 1395 1403 
1524 1397 1400 
1525 1399 1401 
1526 1404 1405 
1527 1404 1408 
1528 1404 1415 
1529 1405 1412 
1530 1405 1419 
1531 1406 1420 
1532 1407 1416 
1533 1407 1424 
1534 1407 1425 
1535 1409 1423 
1536 1410 1412 
1537 1410 1415 
1538 1411 1416 
1539 1411 1417 
1540 1412 1417 
1541 1413 1418 
1542 1413 1421 
1543 1413 1424 
1544 1414 1415 
1545 1416 1423 
1546 1417 1420 
1547 1418 1425 
1548 1418 1426 
1549 1420 1423 
1550 1422 1424 
1551 1427 1428 
1552 1427 1431 
1553 1427 1438 
1554 1428 1435 
1555 1428 1442 
1556 1429 1443 
1557 1430 1439 
1558 1430 1447 
1559 1430 1448 
1560 1432 1446 
1561 1433 1435 
1562 1433 1438 
1563 1434 1439 
1564 1434 1440 
1565 1435 1440 
1566 1436 1441 
1567 1436 1444 
1568 1436 1447 
1569 1437 1438 
1570 1439 1446 
1571 1440 1443 
1572 1441 1448 
1573 1441 1449 
1574 1443 1446 
1575 1445 1447 
1576 1450 1451 
1577 1450 1454 
1578 1450 1461 
1579 1451 1458 
1580 1451 1465 
1581 1452 1466 
1582 1453 1462 
1583 1453 1470 
1584 1453 1471 
1585 1455 1469 
1586 1456 1458 
1587 1456 1461 
1588 1457 1462 
1589 1457 1463 
1590 1458 1463 
1591 1459 1464 
1592 1459 1467 
1593 1459 1470 
1594 1460 1461 
1595 1462 1469 
1596 1463 1466 
1597 1464 1471 
1598 1464 1472 
1599 1466 1469 
1600 1468 1470 
1601 1473 1474 
1602 1473 1477 
1603 1473 1484 
1604 1474 1481 
1605 1474 1488 
1606 1475 1489 
1607 1476 1485 
1608 1476 1493 
1609 1476 1494 
1610 1478 1492 
1611 1479 1481 
1612 1479 1484 
1613 1480 1485 
1614 1480 1486 
1615 1481 1486 
1616 1482 1487 
1617 1482 1490 
1618 1482 1493 
1619 1483 1484 
1620 1485 1492 
1621 1486 1489 
1622 1487 1494 
1623 1487 1495 
1624 1489 1492 
1625 1491 1493 
1626 1496 1497 
1627 1496 1500 
1628 1496 1507 
1629 1497 1504 
1630 1497 1511 
1631 1498 1512 
1632 1499 1508 
1633 1499 1516 
1634 1499 1517 
1635 1501 1515 
1636 1502 1504 
1637 1502 1507 
1638 1503 1508 
1639 1503 1509 
1640 1504 1509 
1641 1505 1510 
1642 1505 1513 
1643 1505 1516 
1644 1506 1507 
1645 1508 1515 
1646 1509 1512 
1647 1510 1517 
1648 1510 1518 
1649 1512 1515 
1650 1514 1516 
1651 1519 1520 
1652 1519 1523 
1653 1519 1530 
1654 1520 1527 
1655 1520 1534 
1656 1521 1535 
1657 1522 1531 
1658 1522 1539 
1659 1522 1540 
1660 1524 1538 
1661 1525 1527 
1662 1525 1530 
1663 1526 1531 
1664 1526 1532 
1665 1527 1532 
1666 1528 1533 
1667 1528 1536 
1668 1528 1539 
1669 1529 1530 
1670 1531 1538 
1671 1532 1535 
1672 1533 1540 
1673 1533 1541 
1674 1535 1538 
1675 1537 1539 
1676 1542 1543 
1677 1542 1546 
1678 1542 1553 
1679 1543 1550 
1680 1543 1557 
1681 1544 1558 
1682 1545 1554 
1683 1545 1562 
1684 1545 1563 
1685 1547 1561 
1686 1548 1550 
1687 1548 1553 
1688 1549 1554 
1689 1549 1555 
1690 1550 1555 
1691 1551 1556 
1692 1551 1559 
1693 1551 1562 
1694 1552 1553 
1695 1554 1561 
1696 1555 1558 
1697 1556 1563 
1698 1556 1564 
1699 1558 1561 
1700 1560 1562 
1701 1565 1566 
1702 1565 1569 
1703 1565 1576 
1704 1566 1573 
1705 1566 1580 
1706 1567 1581 
1707 1568 1577 
1708 1568 1585 
1709 1568 1586 
1710 1570 1584 
1711 1571 1573 
1712 1571 1576 
1713 1572 1577 
1714 1572 1578 
1715 1573 1578 
1716 1574 1579 
1717 1574 1582 
1718 1574 1585 
1719 1575 1576 
1720 1577 1584 
1721 1578 1581 
1722 1579 1586 
1723 1579 1587 
1724 1581 1584 
1725 1583 1585 
1726 1588 1589 
1727 1588 1592 
1728 1588 1599 
1729 1589 1596 
1730 1589 1603 
1731 1590 1604 
1732 1591 1600 
1733 1591 1608 
1734 1591 1609 
1735 1593 1607 
1736 1594 1596 
1737 1594 1599 
1738 1595 1600 
1739 1595 1601 
1740 1596 1601 
1741 1597 1602 
1742 1597 1605 
1743 1597 1608 
1744 1598 1599 
1745 1600 1607 
1746 1601 1604 
1747 1602 1609 
1748 1602 1610 
1749 1604 1607 
1750 1606 1608 
1751 1611 1612 
1752 1611 1615 
1753 1611 1622 
1754 1612 1619 
1755 1612 1626 
1756 1613 1627 
1757 1614 1623 
1758 1614 1631 
1759 1614 1632 
1760 1616 1630 
1761 1617 1619 
1762 1617 1622 
1763 1618 1623 
1764 1618 1624 
1765 1619 1624 
1766 1620 1625 
1767 1620 1628 
1768 1620 1631 
1769 1621 1622 
1770 1623 1630 
1771 1624 1627 
1772 1625 1632 
1773 1625 1633 
1774 1627 1630 
1775 1629 1631 
1776 1634 1635 
1777 1634 1638 
1778 1634 1645 
1779 1635 1642 
1780 1635 1649 
1781 1636 1650 
1782 1637 1646 
1783 1637 1654 
1784 1637 1655 
1785 1639 1653 
1786 1640 1642 
1787 1640 1645 
1788 1641 1646 
1789 1641 1647 
1790 1642 1647 
1791 1643 1648 
1792 1643 1651 
1793 1643 1654 
1794 1644 1645 
1795 1646 1653 
1796 1647 1650 
1797 1648 1655 
1798 1648 1656 
1799 1650 1653 
1800 1652 1654 
1801 1657 1658 
1802 1657 1661 
1803 1657 1668 
1804 1658 1665 
1805 1658 1672 
1806 1659 1673 
1807 1660 1669 
1808 1660 1677 
1809 1660 1678 
1810 1662 1676 
1811 1663 1665 
1812 1663 1668 
1813 1664 1669 
1814 1664 1670 
1815 1665 1670 
1816 1666 1671 
1817 1666 1674 
1818 1666 1677 
1819 1667 1668 
1820 1669 1676 
1821 1670 1673 
1822 1671 1678 
1823 1671 1679 
1824 1673 1676 
1825 1675 1677 
1826 1680 1681 
1827 1680 1684 
1828 1680 1691 
1829 1681 1688 
1830 1681 1695 
1831 1682 1696 
1832 1683 1692 
1833 1683 1700 
1834 1683 1701 
1835 1685 1699 
1836 1686 1688 
1837 1686 1691 
1838 1687 1692 
1839 1687 1693 
1840 1688 1693 
1841 1689 1694 
1842 1689 1697 
1843 1689 1700 
1844 1690 1691 
1845 1692 1699 
1846 1693 1696 
1847 1694 1701 
1848 1694 1702 
1849 1696 1699 
1850 1698 1700 
1851 1703 1704 
1852 1703 1707 
1853 1703 1714 
1854 1704 1711 
1855 1704 1718 
1856 1705 1719 
1857 1706 1715 
1858 1706 1723 
1859 1706 1724 
1860 1708 1722 
1861 1709 1711 
1862 1709 1714 
1863 1710 1715 
1864 1710 1716 
1865 1711 1716 
1866 1712 1717 
1867 1712 1720 
1868 1712 1723 
1869 1713 1714 
1870 1715 1722 
1871 1716 1719 
1872 1717 1724 
1873 1717 1725 
1874 1719 1722 
1875 1721 1723 
1876 1726 1727 
1877 1726 1730 
1878 1726 1737 
1879 1727 1734 
1880 1727 1741 
1881 1728 1742 
1882 1729 1738 
1883 1729 1746 
1884 1729 1747 
1885 1731 1745 
1886 1732 1734 
1887 1732 1737 
1888 1733 1738 
1889 1733 1739 
1890 1734 1739 
1891 1735 1740 
1892 1735 1743 
1893 1735 1746 
1894 1736 1737 
1895 1738 1745 
1896 1739 1742 
1897 1740 1747 
1898 1740 1748 
1899 1742 1745 
1900 1744 1746 
1901 1749 1750 
1902 1749 1753 
1903 1749 1760 
1904 1750 1757 
1905 1750 1764 
1906 1751 1765 
1907 1752 1761 
1908 1752 1769 
1909 1752 1770 
1910 1754 1768 
1911 1755 1757 
1912 1755 1760 
1913 1756 1761 
1914 1756 1762 
1915 1757 1762 
1916 1758 1763 
1917 1758 1766 
1918 1758 1769 
1919 1759 1760 
1920 1761 1768 
1921 1762 1765 
1922 1763 1770 
1923 1763 1771 
1924 1765 1768 
1925 1767 1769 
1926 1772 1773 
1927 1772 1776 
1928 1772 1783 
1929 1773 1780 
1930 1773 1787 
1931 1774 1788 
1932 1775 1784 
1933 1775 1792 
1934 1775 1793 
1935 1777 1791 
1936 1778 1780 
1937 1778 1783 
1938 1779 1784 
1939 1779 1785 
1940 1780 1785 
1941 1781 1786 
1942 1781 1789 
1943 1781 1792 
1944 1782 1783 
1945 1784 1791 
1946 1785 1788 
1947 1786 1793 
1948 1786 1794 
1949 1788 1791 
1950 1790 1792 
1951 1795 1796 
1952 1795 1799 
1953 1795 1806 
1954 1796 1803 
1955 1796 1810 
1956 1797 1811 
1957 1798 1807 
1958 1798 1815 
1959 1798 1816 
1960 1800 1814 
1961 1801 1803 
1962 1801 1806 
1963 1802 1807 
1964 1802 1808 
1965 1803 1808 
1966 1804 1809 
1967 1804 1812 
1968 1804 1815 
1969 1805 1806 
1970 1807 1814 
1971 1808 1811 
1972 1809 1816 
1973 1809 1817 
1974 1811 1814 
1975 1813 1815 
1976 1818 1819 
1977 1818 1822 
1978 1818 1829 
1979 1819 1826 
1980 1819 1833 
1981 1820 1834 
1982 1821 1830 
1983 1821 1838 
1984 1821 1839 
1985 1823 1837 
1986 1824 1826 
1987 1824 1829 
1988 1825 1830 
1989 1825 1831 
1990 1826 1831 
1991 1827 1832 
1992 1827 1835 
1993 1827 1838 
1994 1828 1829 
1995 1830 1837 
1996 1831 1834 
1997 1832 1839 
1998 1832 1840 
1999 1834 1837 
2000 1836 1838 
2001 1841 1842 
2002 1841 1845 
2003 1841 1852 
2004 1842 1849 
2005 1842 1856 
2006 1843 1857 
2007 1844 1853 
2008 1844 1861 
2009 1844 1862 
2010 1846 1860 
2011 1847 1849 
2012 1847 1852 
2013 1848 1853 
2014 1848 1854 
2015 1849 1854 
2016 1850 1855 
2017 1850 1858 
2018 1850 1861 
2019 1851 1852 
2020 1853 1860 
2021 1854 1857 
2022 1855 1862 
2023 1855 1863 
2024 1857 1860 
2025 1859 1861 
2026 1864 1865 
2027 1864 1868 
2028 1864 1875 
2029 1865 1872 
2030 1865 1879 
2031 1866 1880 
2032 1867 1876 
2033 1867 1884 
2034 1867 1885 
2035 1869 1883 
2036 1870 1872 
2037 1870 1875 
2038 1871 1876 
2039 1871 1877 
2040 1872 1877 
2041 1873 1878 
2042 1873 1881 
2043 1873 1884 
2044 1874 1875 
2045 1876 1883 
2046 1877 1880 
2047 1878 1885 
2048 1878 1886 
2049 1880 1883 
2050 1882 1884 
2051 1887 1888 
2052 1887 1891 
2053 1887 1898 
2054 1888 1895 
2055 1888 1902 
2056 1889 1903 
2057 1890 1899 
2058 1890 1907 
2059 1890 1908 
2060 1892 1906 
2061 1893 1895 
2062 1893 1898 
2063 1894 1899 
2064 1894 1900 
2065 1895 1900 
2066 1896 1901 
2067 1896 1904 
2068 1896 1907 
2069 1897 1898 
2070 1899 1906 
2071 1900 1903 
2072 1901 1908 
2073 1901 1909 
2074 1903 1906 
2075 1905 1907 
2076 1910 1911 
2077 1910 1914 
2078 1910 1921 
2079 1911 1918 
2080 1911 1925 
2081 1912 1926 
2082 1913 1922 
2083 1913 1930 
2084 1913 1931 
2085 1915 1929 
2086 1916 1918 
2087 1916 1921 
2088 1917 1922 
2089 1917 1923 
2090 1918 1923 
2091 1919 1924 
2092 1919 1927 
2093 1919 1930 
2094 1920 1921 
2095 1922 1929 
2096 1923 1926 
2097 1924 1931 
2098 1924 1932 
2099 1926 1929 
2100 1928 1930 
2101 1933 1934 
2102 1933 1937 
2103 1933 1944 
2104 1934 1941 
2105 1934 1948 
2106 1935 1949 
2107 1936 1945 
2108 1936 1953 
2109 1936 1954 
2110 1938 1952 
2111 1939 1941 
2112 1939 1944 
2113 1940 1945 
2114 1940 1946 
2115 1941 1946 
2116 1942 1947 
2117 1942 1950 
2118 1942 1953 
2119 1943 1944 
2120 1945 1952 
2121 1946 1949 
2122 1947 1954 
2123 1947 1955 
2124 1949 1952 
2125 1951 1953 
2126 1956 1957 
2127 1956 1960 
2128 1956 1967 
2129 1957 1964 
2130 1957 1971 
2131 1958 1972 
2132 1959 1968 
2133 1959 1976 
2134 1959 1977 
2135 1961 1975 
2136 1962 1964 
2137 1962 1967 
2138 1963 1968 
2139 1963 1969 
2140 1964 1969 
2141 1965 1970 
2142 1965 1973 
2143 1965 1976 
2144 1966 1967 
2145 1968 1975 
2146 1969 1972 
2147 1970 1977 
2148 1970 1978 
2149 1972 1975 
2150 1974 1976 
2151 1979 1980 
2152 1979 1983 
2153 1979 1990 
2154 1980 1987 
2155 1980 1994 
2156 1981 1995 
2157 1982 1991 
2158 1982 1999 
2159 1982 2000 
2160 1984 1998 
2161 1985 1987 
2162 1985 1990 
2163 1986 1991 
2164 1986 1992 
2165 1987 1992 
2166 1988 1993 
2167 1988 1996 
2168 1988 1999 
2169 1989 1990 
2170 1991 1998 
2171 1992 1995 
2172 1993 2000 
2173 1993 2001 
2174 1995 1998 
2175 1997 1999 
2176 2002 2003 
2177 2002 2006 
2178 2002 2013 
2179 2003 2010 
2180 2003 2017 
2181 2004 2018 
2182 2005 2014 
2183 2005 2022 
2184 2005 2023 
2185 2007 2021 
2186 2008 2010 
2187 2008 2013 
2188 2009 2014 
2189 2009 2015 
2190 2010 2015 
2191 2011 2016 
2192 2011 2019 
2193 2011 2022 
2194 2012 2013 
2195 2014 2021 
2196 2015 2018 
2197 2016 2023 
2198 2016 2024 
2199 2018 2021 
2200 2020 2022 
2201 2025 2026 
2202 2025 2029 
2203 2025 2036 
2204 2026 2033 
2205 2026 2040 
2206 2027 2041 
2207 2028 2037 
2208 2028 2045 
2209 2028 2046 
2210 2030 2044 
2211 2031 2033 
2212 2031 2036 
2213 2032 2037 
2214 2032 2038 
2215 2033 2038 
2216 2034 2039 
2217 2034 2042 
2218 2034 2045 
2219 2035 2036 
2220 2037 2044 
2221 2038 2041 
2222 2039 2046 
2223 2039 2047 
2224 2041 2044 
2225 2043 2045 
2226 2048 2049 
2227 2048 2052 
2228 2048 2059 
2229 2049 2056 
2230 2049 2063 
2231 2050 2064 
2232 2051 2060 
2233 2051 2068 
2234 2051 2069 
2235 2053 2067 
2236 2054 2056 
2237 2054 2059 
2238 2055 2060 
2239 2055 2061 
2240 2056 2061 
2241 2057 2062 
2242 2057 2065 
2243 2057 2068 
2244 2058 2059 
2245 2060 2067 
2246 2061 2064 
2247 2062 2069 
2248 2062 2070 
2249 2064 2067 
2250 2066 2068 
2251 2071 2072 
2252 2071 2075 
2253 2071 2082 
2254 2072 2079 
2255 2072 2086 
2256 2073 2087 
2257 2074 2083 
2258 2074 2091 
2259 2074 2092 
2260 2076 2090 
2261 2077 2079 
2262 2077 2082 
2263 2078 2083 
2264 2078 2084 
2265 2079 2084 
2266 2080 2085 
2267 2080 2088 
2268 2080 2091 
2269 2081 2082 
2270 2083 2090 
2271 2084 2087 
2272 2085 2092 
2273 2085 2093 
2274 2087 2090 
2275 2089 2091 
2276 2094 2095 
2277 2094 2098 
2278 2094 2105 
2279 2095 2102 
2280 2095 2109 
2281 2096 2110 
2282 2097 2106 
2283 2097 2114 
2284 2097 2115 
2285 2099 2113 
2286 2100 2102 
2287 2100 2105 
2288 2101 2106 
2289 2101 2107 
2290 2102 2107 
2291 2103 2108 
2292 2103 2111 
2293 2103 2114 
2294 2104 2105 
2295 2106 2113 
2296 2107 2110 
2297 2108 2115 
2298 2108 2116 
2299 2110 2113 
2300 2112 2114 
2301 2117 2118 
2302 2117 2121 
2303 2117 2128 
2304 2118 2125 
2305 2118 2132 
2306 2119 2133 
2307 2120 2129 
2308 2120 2137 
2309 2120 2138 
2310 2122 2136 
2311 2123 2125 
2312 2123 2128 
2313 2124 2129 
2314 2124 2130 
2315 2125 2130 
2316 2126 2131 
2317 2126 2134 
2318 2126 2137 
2319 2127 2128 
2320 2129 2136 
2321 2130 2133 
2322 2131 2138 
2323 2131 2139 
2324 2133 2136 
2325 2135 2137 
2326 2140 2141 
2327 2140 2144 
2328 2140 2151 
2329 2141 2148 
2330 2141 2155 
2331 2142 2156 
2332 2143 2152 
2333 2143 2160 
2334 2143 2161 
2335 2145 2159 
2336 2146 2148 
2337 2146 2151 
2338 2147 2152 
2339 2147 2153 
2340 2148 2153 
2341 2149 2154 
2342 2149 2157 
2343 2149 2160 
2344 2150 2151 
2345 2152 2159 
2346 2153 2156 
2347 2154 2161 
2348 2154 2162 
2349 2156 2159 
2350 2158 2160 
2351 2163 2164 
2352 2163 2167 
2353 2163 2174 
2354 2164 2171 
2355 2164 2178 
2356 2165 2179 
2357 2166 2175 
2358 2166 2183 
2359 2166 2184 
2360 2168 2182 
2361 2169 2171 
2362 2169 2174 
2363 2170 2175 
2364 2170 2176 
2365 2171 2176 
2366 2172 2177 
2367 2172 2180 
2368 2172 2183 
2369 2173 2174 
2370 2175 2182 
2371 2176 2179 
2372 2177 2184 
2373 2177 2185 
2374 2179 2182 
2375 2181 2183 
2376 2186 2187 
2377 2186 2190 
2378 2186 2197 
2379 2187 2194 
2380 2187 2201 
2381 2188 2202 
2382 2189 2198 
2383 2189 2206 
2384 2189 2207 
2385 2191 2205 
2386 2192 2194 
2387 2192 2197 
2388 2193 2198 
2389 2193 2199 
2390 2194 2199 
2391 2195 2200 
2392 2195 2203 
2393 2195 2206 
2394 2196 2197 
2395 2198 2205 
2396 2199 2202 
2397 2200 2207 
2398 2200 2208 
2399 2202 2205 
2400 2204 2206 
2401 2209 2210 
2402 2209 2213 
2403 2209 2220 
2404 2210 2217 
2405 2210 2224 
2406 2211 2225 
2407 2212 2221 
2408 2212 2229 
2409 2212 2230 
2410 2214 2228 
2411 2215 2217 
2412 2215 2220 
2413 2216 2221 
2414 2216 2222 
2415 2217 2222 
2416 2218 2223 
2417 2218 2226 
2418 2218 2229 
2419 2219 2220 
2420 2221 2228 
2421 2222 2225 
2422 2223 2230 
2423 2223 2231 
2424 2225 2228 
2425 2227 2229 
2426 2232 2233 
2427 2232 2236 
2428 2232 2243 
2429 2233 2240 
2430 2233 2247 
2431 2234 2248 
2432 2235 2244 
2433 2235 2252 
2434 2235 2253 
2435 2237 2251 
2436 2238 2240 
2437 2238 2243 
2438 2239 2244 
2439 2239 2245 
2440 2240 2245 
2441 2241 2246 
2442 2241 2249 
2443 2241 2252 
2444 2242 2243 
2445 2244 2251 
2446 2245 2248 
2447 2246 2253 
2448 2246 2254 
2449 2248 2251 
2450 2250 2252 
2451 2255 2256 
2452 2255 2259 
2453 2255 2266 
2454 2256 2263 
2455 2256 2270 
2456 2257 2271 
2457 2258 2267 
2458 2258 2275 
2459 2258 2276 
2460 2260 2274 
2461 2261 2263 
2462 2261 2266 
2463 2262 2267 
2464 2262 2268 
2465 2263 2268 
2466 2264 2269 
2467 2264 2272 
2468 2264 2275 
2469 2265 2266 
2470 2267 2274 
2471 2268 2271 
2472 2269 2276 
2473 2269 2277 
2474 2271 2274 
2475 2273 2275 
2476 2278 2279 
2477 2278 2282 
2478 2278 2289 
2479 2279 2286 
2480 2279 2293 
2481 2280 2294 
2482 2281 2290 
2483 2281 2298 
2484 2281 2299 
2485 2283 2297 
2486 2284 2286 
2487 2284 2289 
2488 2285 2290 
2489 2285 2291 
2490 2286 2291 
2491 2287 2292 
2492 2287 2295 
2493 2287 2298 
2494 2288 2289 
2495 2290 2297 
2496 2291 2294 
2497 2292 2299 
2498 2292 2300 
2499 2294 2297 
2500 2296 2298 
2501 2301 2302 
2502 2301 2305 
2503 2301 2312 
2504 2302 2309 
2505 2302 2316 
2506 2303 2317 
2507 2304 2313 
2508 2304 2321 
2509 2304 2322 
2510 2306 2320 
2511 2307 2309 
2512 2307 2312 
2513 2308 2313 
2514 2308 2314 
2515 2309 2314 
2516 2310 2315 
2517 2310 2318 
2518 2310 2321 
2519 2311 2312 
2520 2313 2320 
2521 2314 2317 
2522 2315 2322 
2523 2315 2323 
2524 2317 2320 
2525 2319 2321 
2526 2324 2325 
2527 2324 2328 
2528 2324 2335 
2529 2325 2332 
2530 2325 2339 
2531 2326 2340 
2532 2327 2336 
2533 2327 2344 
2534 2327 2345 
2535 2329 2343 
2536 2330 2332 
2537 2330 2335 
2538 2331 2336 
2539 2331 2337 
2540 2332 2337 
2541 2333 2338 
2542 2333 2341 
2543 2333 2344 
2544 2334 2335 
2545 2336 2343 
2546 2337 2340 
2547 2338 2345 
2548 2338 2346 
2549 2340 2343 
2550 2342 2344 
2551 2347 2348 
2552 2347 2351 
2553 2347 2358 
2554 2348 2355 
2555 2348 2362 
2556 2349 2363 
2557 2350 2359 
2558 2350 2367 
2559 2350 2368 
2560 2352 2366 
2561 2353 2355 
2562 2353 2358 
2563 2354 2359 
2564 2354 2360 
2565 2355 2360 
2566 2356 2361 
2567 2356 2364 
2568 2356 2367 
2569 2357 2358 
2570 2359 2366 
2571 2360 2363 
2572 2361 2368 
2573 2361 2369 
2574 2363 2366 
2575 2365 2367 
2576 2370 2371 
2577 2370 2374 
2578 2370 2381 
2579 2371 2378 
2580 2371 2385 
2581 2372 2386 
2582 2373 2382 
2583 2373 2390 
2584 2373 2391 
2585 2375 2389 
2586 2376 2378 
2587 2376 2381 
2588 2377 2382 
2589 2377 2383 
2590 2378 2383 
2591 2379 2384 
2592 2379 2387 
2593 2379 2390 
2594 2380 2381 
2595 2382 2389 
2596 2383 2386 
2597 2384 2391 
2598 2384 2392 
2599 2386 2389 
2600 2388 2390 
2601 2393 2394 
2602 2393 2397 
2603 2393 2404 
2604 2394 2401 
2605 2394 2408 
2606 2395 2409 
2607 2396 2405 
2608 2396 2413 
2609 2396 2414 
2610 2398 2412 
2611 2399 2401 
2612 2399 2404 
2613 2400 2405 
2614 2400 2406 
2615 2401 2406 
2616 2402 2407 
2617 2402 2410 
2618 2402 2413 
2619 2403 2404 
2620 2405 2412 
2621 2406 2409 
2622 2407 2414 
2623 2407 2415 
2624 2409 2412 
2625 2411 2413 
2626 2416 2417 
2627 2416 2420 
2628 2416 2427 
2629 2417 2424 
2630 2417 2431 
2631 2418 2432 
2632 2419 2428 
2633 2419 2436 
2634 2419 2437 
2635 2421 2435 
2636 2422 2424 
2637 2422 2427 
2638 2423 2428 
2639 2423 2429 
2640 2424 2429 
2641 2425 2430 
2642 2425 2433 
2643 2425 2436 
2644 2426 2427 
2645 2428 2435 
2646 2429 2432 
2647 2430 2437 
2648 2430 2438 
2649 2432 2435 
2650 2434 2436 
2651 2439 2440 
2652 2439 2443 
2653 2439 2450 
2654 2440 2447 
2655 2440 2454 
2656 2441 2455 
2657 2442 2451 
2658 2442 2459 
2659 2442 2460 
2660 2444 2458 
2661 2445 2447 
2662 2445 2450 
2663 2446 2451 
2664 2446 2452 
2665 2447 2452 
2666 2448 2453 
2667 2448 2456 
2668 2448 2459 
2669 2449 2450 
2670 2451 2458 
2671 2452 2455 
2672 2453 2460 
2673 2453 2461 
2674 2455 2458 
2675 2457 2459 
2676 2462 2463 
2677 2462 2466 
2678 2462 2473 
2679 2463 2470 
2680 2463 2477 
2681 2464 2478 
2682 2465 2474 
2683 2465 2482 
2684 2465 2483 
2685 2467 2481 
2686 2468 2470 
2687 2468 2473 
2688 2469 2474 
2689 2469 2475 
2690 2470 2475 
2691 2471 2476 
2692 2471 2479 
2693 2471 2482 
2694 2472 2473 
2695 2474 2481 
2696 2475 2478 
2697 2476 2483 
2698 2476 2484 
2699 2478 2481 
2700 2480 2482 
2701 2485 2486 
2702 2485 2489 
2703 2485 2496 
2704 2486 2493 
2705 2486 2500 
2706 2487 2501 
2707 2488 2497 
2708 2488 2505 
2709 2488 2506 
2710 2490 2504 
2711 2491 2493 
2712 2491 2496 
2713 2492 2497 
2714 2492 2498 
2715 2493 2498 
2716 2494 2499 
2717 2494 2502 
2718 2494 2505 
2719 2495 2496 
2720 2497 2504 
2721 2498 2501 
2722 2499 2506 
2723 2499 2507 
2724 2501 2504 
2725 2503 2505 
2726 2508 2509 
2727 2508 2512 
2728 2508 2519 
2729 2509 2516 
2730 2509 2523 
2731 2510 2524 
2732 2511 2520 
2733 2511 2528 
2734 2511 2529 
2735 2513 2527 
2736 2514 2516 
2737 2514 2519 
2738 2515 2520 
2739 2515 2521 
2740 2516 2521 
2741 2517 2522 
2742 2517 2525 
2743 2517 2528 
2744 2518 2519 
2745 2520 2527 
2746 2521 2524 
2747 2522 2529 
2748 2522 2530 
2749 2524 2527 
2750 2526 2528 
2751 2531 2532 
2752 2531 2535 
2753 2531 2542 
2754 2532 2539 
2755 2532 2546 
2756 2533 2547 
2757 2534 2543 
2758 2534 2551 
2759 2534 2552 
2760 2536 2550 
2761 2537 2539 
2762 2537 2542 
2763 2538 2543 
2764 2538 2544 
2765 2539 2544 
2766 2540 2545 
2767 2540 2548 
2768 2540 2551 
2769 2541 2542 
2770 2543 2550 
2771 2544 2547 
2772 2545 2552 
2773 2545 2553 
2774 2547 2550 
2775 2549 2551 
2776 2554 2555 
2777 2554 2558 
2778 2554 2565 
2779 2555 2562 
2780 2555 2569 
2781 2556 2570 
2782 2557 2566 
2783 2557 2574 
2784 2557 2575 
2785 2559 2573 
2786 2560 2562 
2787 2560 2565 
2788 2561 2566 
2789 2561 2567 
2790 2562 2567 
2791 2563 2568 
2792 2563 2571 
2793 2563 2574 
2794 2564 2565 
2795 2566 2573 
2796 2567 2570 
2797 2568 2575 
2798 2568 2576 
2799 2570 2573 
2800 2572 2574 
2801 2577 2578 
2802 2577 2581 
2803 2577 2588 
2804 2578 2585 
2805 2578 2592 
2806 2579 2593 
2807 2580 2589 
2808 2580 2597 
2809 2580 2598 
2810 2582 2596 
2811 2583 2585 
2812 2583 2588 
2813 2584 2589 
2814 2584 2590 
2815 2585 2590 
2816 2586 2591 
2817 2586 2594 
2818 2586 2597 
2819 2587 2588 
2820 2589 2596 
2821 2590 2593 
2822 2591 2598 
2823 2591 2599 
2824 2593 2596 
2825 2595 2597 
2826 2600 2601 
2827 2600 2604 
2828 2600 2611 
2829 2601 2608 
2830 2601 2615 
2831 2602 2616 
2832 2603 2612 
2833 2603 2620 
2834 2603 2621 
2835 2605 2619 
2836 2606 2608 
2837 2606 2611 
2838 2607 2612 
2839 2607 2613 
2840 2608 2613 
2841 2609 2614 
2842 2609 2617 
2843 2609 2620 
2844 2610 2611 
2845 2612 2619 
2846 2613 2616 
2847 2614 2621 
2848 2614 2622 
2849 2616 2619 
2850 2618 2620 
2851 2623 2624 
2852 2623 2627 
2853 2623 2634 
2854 2624 2631 
2855 2624 2638 
2856 2625 2639 
2857 2626 2635 
2858 2626 2643 
2859 2626 2644 
2860 2628 2642 
2861 2629 2631 
2862 2629 2634 
2863 2630 2635 
2864 2630 2636 
2865 2631 2636 
2866 2632 2637 
2867 2632 2640 
2868 2632 2643 
2869 2633 2634 
2870 2635 2642 
2871 2636 2639 
2872 2637 2644 
2873 2637 2645 
2874 2639 2642 
2875 2641 2643 
2876 2646 2647 
2877 2646 2650 
2878 2646 2657 
2879 2647 2654 
2880 2647 2661 
2881 2648 2662 
2882 2649 2658 
2883 2649 2666 
2884 2649 2667 
2885 2651 2665 
2886 2652 2654 
2887 2652 2657 
2888 2653 2658 
2889 2653 2659 
2890 2654 2659 
2891 2655 2660 
2892 2655 2663 
2893 2655 2666 
2894 2656 2657 
2895 2658 2665 
2896 2659 2662 
2897 2660 2667 
2898 2660 2668 
2899 2662 2665 
2900 2664 2666 
2901 2669 2670 
2902 2669 2673 
2903 2669 2680 
2904 2670 2677 
2905 2670 2684 
2906 2671 2685 
2907 2672 2681 
2908 2672 2689 
2909 2672 2690 
2910 2674 2688 
2911 2675 2677 
2912 2675 2680 
2913 2676 2681 
2914 2676 2682 
2915 2677 2682 
2916 2678 2683 
2917 2678 2686 
2918 2678 2689 
2919 2679 2680 
2920 2681 2688 
2921 2682 2685 
2922 2683 2690 
2923 2683 2691 
2924 2685 2688 
2925 2687 2689 
2926 2692 2693 
2927 2692 2696 
2928 2692 2703 
2929 2693 2700 
2930 2693 2707 
2931 2694 2708 
2932 2695 2704 
2933 2695 2712 
2934 2695 2713 
2935 2697 2711 
2936 2698 2700 
2937 2698 2703 
2938 2699 2704 
2939 2699 2705 
2940 2700 2705 
2941 2701 2706 
2942 2701 2709 
2943 2701 2712 
2944 2702 2703 
2945 2704 2711 
2946 2705 2708 
2947 2706 2713 
2948 2706 2714 
2949 2708 2711 
2950 2710 2712 
2951 2715 2716 
2952 2715 2719 
2953 2715 2726 
2954 2716 2723 
2955 2716 2730 
2956 2717 2731 
2957 2718 2727 
2958 2718 2735 
2959 2718 2736 
2960 2720 2734 
2961 2721 2723 
2962 2721 2726 
2963 2722 2727 
2964 2722 2728 
2965 2723 2728 
2966 2724 2729 
2967 2724 2732 
2968 2724 2735 
2969 2725 2726 
2970 2727 2734 
2971 2728 2731 
2972 2729 2736 
2973 2729 2737 
2974 2731 2734 
2975 2733 2735 
2976 2738 2739 
2977 2738 2742 
2978 2738 2749 
2979 2739 2746 
2980 2739 2753 
2981 2740 2754 
2982 2741 2750 
2983 2741 2758 
2984 2741 2759 
2985 2743 2757 
2986 2744 2746 
2987 2744 2749 
2988 2745 2750 
2989 2745 2751 
2990 2746 2751 
2991 2747 2752 
2992 2747 2755 
2993 2747 2758 
2994 2748 2749 
2995 2750 2757 
2996 2751 2754 
2997 2752 2759 
2998 2752 2760 
2999 2754 2757 
3000 2756 2758 
3001 2761 2762 
3002 2761 2765 
3003 2761 2772 
3004 2762 2769 
3005 2762 2776 
3006 2763 2777 
3007 2764 2773 
3008 2764 2781 
3009 2764 2782 
3010 2766 2780 
3011 2767 2769 
3012 2767 2772 
3013 2768 2773 
3014 2768 2774 
3015 2769 2774 
3016 2770 2775 
3017 2770 2778 
3018 2770 2781 
3019 2771 2772 
3020 2773 2780 
3021 2774 2777 
3022 2775 2782 
3023 2775 2783 
3024 2777 2780 
3025 2779 2781 
3026 2784 2785 
3027 2784 2788 
3028 2784 2795 
3029 2785 2792 
3030 2785 2799 
3031 2786 2800 
3032 2787 2796 
3033 2787 2804 
3034 2787 2805 
3035 2789 2803 
3036 2790 2792 
3037 2790 2795 
3038 2791 2796 
3039 2791 2797 
3040 2792 2797 
3041 2793 2798 
3042 2793 2801 
3043 2793 2804 
3044 2794 2795 
3045 2796 2803 
3046 2797 2800 
3047 2798 2805 
3048 2798 2806 
3049 2800 2803 
3050 2802 2804 
3051 2807 2808 
3052 2807 2811 
3053 2807 2818 
3054 2808 2815 
3055 2808 2822 
3056 2809 2823 
3057 2810 2819 
3058 2810 2827 
3059 2810 2828 
3060 2812 2826 
3061 2813 2815 
3062 2813 2818 
3063 2814 2819 
3064 2814 2820 
3065 2815 2820 
3066 2816 2821 
3067 2816 2824 
3068 2816 2827 
3069 2817 2818 
3070 2819 2826 
3071 2820 2823 
3072 2821 2828 
3073 2821 2829 
3074 2823 2826 
3075 2825 2827 
3076 2830 2831 
3077 2830 2834 
3078 2830 2841 
3079 2831 2838 
3080 2831 2845 
3081 2832 2846 
3082 2833 2842 
3083 2833 2850 
3084 2833 2851 
3085 2835 2849 
3086 2836 2838 
3087 2836 2841 
3088 2837 2842 
3089 2837 2843 
3090 2838 2843 
3091 2839 2844 
3092 2839 2847 
3093 2839 2850 
3094 2840 2841 
3095 2842 2849 
3096 2843 2846 
3097 2844 2851 
3098 2844 2852 
3099 2846 2849 
3100 2848 2850 
3101 2853 2854 
3102 2853 2857 
3103 2853 2864 
3104 2854 2861 
3105 2854 2868 
3106 2855 2869 
3107 2856 2865 
3108 2856 2873 
3109 2856 2874 
3110 2858 2872 
3111 2859 2861 
3112 2859 2864 
3113 2860 2865 
3114 2860 2866 
3115 2861 2866 
3116 2862 2867 
3117 2862 2870 
3118 2862 2873 
3119 2863 2864 
3120 2865 2872 
3121 2866 2869 
3122 2867 2874 
3123 2867 2875 
3124 2869 2872 
3125 2871 2873 
3126 2876 2877 
3127 2876 2880 
3128 2876 2887 
3129 2877 2884 
3130 2877 2891 
3131 2878 2892 
3132 2879 2888 
3133 2879 2896 
3134 2879 2897 
3135 2881 2895 
3136 2882 2884 
3137 2882 2887 
3138 2883 2888 
3139 2883 2889 
3140 2884 2889 
3141 2885 2890 
3142 2885 2893 
3143 2885 2896 
3144 2886 2887 
3145 2888 2895 
3146 2889 2892 
3147 2890 2897 
3148 2890 2898 
3149 2892 2895 
3150 2894 2896 
3151 2899 2900 
3152 2899 2903 
3153 2899 2910 
3154 2900 2907 
3155 2900 2914 
3156 2901 2915 
3157 2902 2911 
3158 2902 2919 
3159 2902 2920 
3160 2904 2918 
3161 2905 2907 
3162 2905 2910 
3163 2906 2911 
3164 2906 2912 
3165 2907 2912 
3166 2908 2913 
3167 2908 2916 
3168 2908 2919 
3169 2909 2910 
3170 2911 2918 
3171 2912 2915 
3172 2913 2920 
3173 2913 2921 
3174 2915 2918 
3175 2917 2919 
3176 2922 2923 
3177 2922 2926 
3178 2922 2933 
3179 2923 2930 
3180 2923 2937 
3181 2924 2938 
3182 2925 2934 
3183 2925 2942 
3184 2925 2943 
3185 2927 2941 
3186 2928 2930 
3187 2928 2933 
3188 2929 2934 
3189 2929 2935 
3190 2930 2935 
3191 2931 2936 
3192 2931 2939 
3193 2931 2942 
3194 2932 2933 
3195 2934 2941 
3196 2935 2938 
3197 2936 2943 
3198 2936 2944 
3199 2938 2941 
3200 2940 2942 
3201 2945 2946 
3202 2945 2949 
3203 2945 2956 
3204 2946 2953 
3205 2946 2960 
3206 2947 2961 
3207 2948 2957 
3208 2948 2965 
3209 2948 2966 
3210 2950 2964 
3211 2951 2953 
3212 2951 2956 
3213 2952 2957 
3214 2952 2958 
3215 2953 2958 
3216 2954 2959 
3217 2954 2962 
3218 2954 2965 
3219 2955 2956 
3220 2957 2964 
3221 2958 2961 
3222 2959 2966 
3223 2959 2967 
3224 2961 2964 
3225 2963 2965 
3226 2968 2969 
3227 2968 2972 
3228 2968 2979 
3229 2969 2976 
3230 2969 2983 
3231 2970 2984 
3232 2971 2980 
3233 2971 2988 
3234 2971 2989 
3235 2973 2987 
3236 2974 2976 
3237 2974 2979 
3238 2975 2980 
3239 2975 2981 
3240 2976 2981 
3241 2977 2982 
3242 2977 2985 
3243 2977 2988 
3244 2978 2979 
3245 2980 2987 
3246 2981 2984 
3247 2982 2989 
3248 2982 2990 
3249 2984 2987 
3250 2986 2988 
3251 2991 2992 
3252 2991 2995 
3253 2991 3002 
3254 2992 2999 
3255 2992 3006 
3256 2993 3007 
3257 2994 3003 
3258 2994 3011 
3259 2994 3012 
3260 2996 3010 
3261 2997 2999 
3262 2997 3002 
3263 2998 3003 
3264 2998 3004 
3265 2999 3004 
3266 3000 3005 
3267 3000 3008 
3268 3000 3011 
3269 3001 3002 
3270 3003 3010 
3271 3004 3007 
3272 3005 3012 
3273 3005 3013 
3274 3007 3010 
3275 3009 3011 
3276 3014 3015 
3277 3014 3018 
3278 3014 3025 
3279 3015 3022 
3280 3015 3029 
3281 3016 3030 
3282 3017 3026 
3283 3017 3034 
3284 3017 3035 
3285 3019 3033 
3286 3020 3022 
3287 3020 3025 
3288 3021 3026 
3289 3021 3027 
3290 3022 3027 
3291 3023 3028 
3292 3023 3031 
3293 3023 3034 
3294 3024 3025 
3295 3026 3033 
3296 3027 3030 
3297 3028 3035 
3298 3028 3036 
3299 3030 3033 
3300 3032 3034 
3301 3037 3038 
3302 3037 3041 
3303 3037 3048 
3304 3038 3045 
3305 3038 3052 
3306 3039 3053 
3307 3040 3049 
3308 3040 3057 
3309 3040 3058 
3310 3042 3056 
3311 3043 3045 
3312 3043 3048 
3313 3044 3049 
3314 3044 3050 
3315 3045 3050 
3316 3046 3051 
3317 3046 3054 
3318 3046 3057 
3319 3047 3048 
3320 3049 3056 
3321 3050 3053 
3322 3051 3058 
3323 3051 3059 
3324 3053 3056 
3325 3055 3057 
3326 3060 3061 
3327 3060 3064 
3328 3060 3071 
3329 3061 3068 
3330 3061 3075 
3331 3062 3076 
3332 3063 3072 
3333 3063 3080 
3334 3063 3081 
3335 3065 3079 
3336 3066 3068 
3337 3066 3071 
3338 3067 3072 
3339 3067 3073 
3340 3068 3073 
3341 3069 3074 
3342 3069 3077 
3343 3069 3080 
3344 3070 3071 
3345 3072 3079 
3346 3073 3076 
3347 3074 3081 
3348 3074 3082 
3349 3076 3079 
3350 3078 3080 
3351 3083 3084 
3352 3083 3087 
3353 3083 3094 
3354 3084 3091 
3355 3084 3098 
3356 3085 3099 
3357 3086 3095 
3358 3086 3103 
3359 3086 3104 
3360 3088 3102 
3361 3089 3091 
3362 3089 3094 
3363 3090 3095 
3364 3090 3096 
3365 3091 3096 
3366 3092 3097 
3367 3092 3100 
3368 3092 3103 
3369 3093 3094 
3370 3095 3102 
3371 3096 3099 
3372 3097 3104 
3373 3097 3105 
3374 3099 3102 
3375 3101 3103 
3376 3106 3107 
3377 3106 3110 
3378 3106 3117 
3379 3107 3114 
3380 3107 3121 
3381 3108 3122 
3382 3109 3118 
3383 3109 3126 
3384 3109 3127 
3385 3111 3125 
3386 3112 3114 
3387 3112 3117 
3388 3113 3118 
3389 3113 3119 
3390 3114 3119 
3391 3115 3120 
3392 3115 3123 
3393 3115 3126 
3394 3116 3117 
3395 3118 3125 
3396 3119 3122 
3397 3120 3127 
3398 3120 3128 
3399 3122 3125 
3400 3124 3126 
3401 3129 3130 
3402 3129 3133 
3403 3129 3140 
3404 3130 3137 
3405 3130 3144 
3406 3131 3145 
3407 3132 3141 
3408 3132 3149 
3409 3132 3150 
3410 3134 3148 
3411 3135 3137 
3412 3135 3140 
3413 3136 3141 
3414 3136 3142 
3415 3137 3142 
3416 3138 3143 
3417 3138 3146 
3418 3138 3149 
3419 3139 3140 
3420 3141 3148 
3421 3142 3145 
3422 3143 3150 
3423 3143 3151 
3424 3145 3148 
3425 3147 3149 
3426 3152 3153 
3427 3152 3156 
3428 3152 3163 
3429 3153 3160 
3430 3153 3167 
3431 3154 3168 
3432 3155 3164 
3433 3155 3172 
3434 3155 3173 
3435 3157 3171 
3436 3158 3160 
3437 3158 3163 
3438 3159 3164 
3439 3159 3165 
3440 3160 3165 
3441 3161 3166 
3442 3161 3169 
3443 3161 3172 
3444 3162 3163 
3445 3164 3171 
3446 3165 3168 
3447 3166 3173 
3448 3166 3174 
3449 3168 3171 
3450 3170 3172 
3451 3175 3176 
3452 3175 3179 
3453 3175 3186 
3454 3176 3183 
3455 3176 3190 
3456 3177 3191 
3457 3178 3187 
3458 3178 3195 
3459 3178 3196 
3460 3180 3194 
3461 3181 3183 
3462 3181 3186 
3463 3182 3187 
3464 3182 3188 
3465 3183 3188 
3466 3184 3189 
3467 3184 3192 
3468 3184 3195 
3469 3185 3186 
3470 3187 3194 
3471 3188 3191 
3472 3189 3196 
3473 3189 3197 
3474 3191 3194 
3475 3193 3195 
3476 3198 3199 
3477 3198 3202 
3478 3198 3209 
3479 3199 3206 
3480 3199 3213 
3481 3200 3214 
3482 3201 3210 
3483 3201 3218 
3484 3201 3219 
3485 3203 3217 
3486 3204 3206 
3487 3204 3209 
3488 3205 3210 
3489 3205 3211 
3490 3206 3211 
3491 3207 3212 
3492 3207 3215 
3493 3207 3218 
3494 3208 3209 
3495 3210 3217 
3496 3211 3214 
3497 3212 3219 
3498 3212 3220 
3499 3214 3217 
3500 3216 3218 
3501 3221 3222 
3502 3221 3225 
3503 3221 3232 
3504 3222 3229 
3505 3222 3236 
3506 3223 3237 
3507 3224 3233 
3508 3224 3241 
3509 3224 3242 
3510 3226 3240 
3511 3227 3229 
3512 3227 3232 
3513 3228 3233 
3514 3228 3234 
3515 3229 3234 
3516 3230 3235 
3517 3230 3238 
3518 3230 3241 
3519 3231 3232 
3520 3233 3240 
3521 3234 3237 
3522 3235 3242 
3523 3235 3243 
3524 3237 3240 
3525 3239 3241 
3526 3244 3245 
3527 3244 3248 
3528 3244 3255 
3529 3245 3252 
3530 3245 3259 
3531 3246 3260 
3532 3247 3256 
3533 3247 3264 
3534 3247 3265 
3535 3249 3263 
3536 3250 3252 
3537 3250 3255 
3538 3251 3256 
3539 3251 3257 
3540 3252 3257 
3541 3253 3258 
3542 3253 3261 
3543 3253 3264 
3544 3254 3255 
3545 3256 3263 
3546 3257 3260 
3547 3258 3265 
3548 3258 3266 
3549 3260 3263 
3550 3262 3264 
3551 3267 3268 
3552 3267 3271 
3553 3267 3278 
3554 3268 3275 
3555 3268 3282 
3556 3269 3283 
3557 3270 3279 
3558 3270 3287 
3559 3270 3288 
3560 3272 3286 
3561 3273 3275 
3562 3273 3278 
3563 3274 3279 
3564 3274 3280 
3565 3275 3280 
3566 3276 3281 
3567 3276 3284 
3568 3276 3287 
3569 3277 3278 
3570 3279 3286 
3571 3280 3283 
3572 3281 3288 
3573 3281 3289 
3574 3283 3286 
3575 3285 3287 
3576 3290 3291 
3577 3290 3294 
3578 3290 3301 
3579 3291 3298 
3580 3291 3305 
3581 3292 3306 
3582 3293 3302 
3583 3293 3310 
3584 3293 3311 
3585 3295 3309 
3586 3296 3298 
3587 3296 3301 
3588 3297 3302 
3589 3297 3303 
3590 3298 3303 
3591 3299 3304 
3592 3299 3307 
3593 3299 3310 
3594 3300 3301 
3595 3302 3309 
3596 3303 3306 
3597 3304 3311 
3598 3304 3312 
3599 3306 3309 
3600 3308 3310 
3601 3313 3314 
3602 3313 3317 
3603 3313 3324 
3604 3314 3321 
3605 3314 3328 
3606 3315 3329 
3607 3316 3325 
3608 3316 3333 
3609 3316 3334 
3610 3318 3332 
3611 3319 3321 
3612 3319 3324 
3613 3320 3325 
3614 3320 3326 
3615 3321 3326 
3616 3322 3327 
3617 3322 3330 
3618 3322 3333 
3619 3323 3324 
3620 3325 3332 
3621 3326 3329 
3622 3327 3334 
3623 3327 3335 
3624 3329 3332 
3625 3331 3333 
3626 3336 3337 
3627 3336 3340 
3628 3336 3347 
3629 3337 3344 
3630 3337 3351 
3631 3338 3352 
3632 3339 3348 
3633 3339 3356 
3634 3339 3357 
3635 3341 3355 
3636 3342 3344 
3637 3342 3347 
3638 3343 3348 
3639 3343 3349 
3640 3344 3349 
3641 3345 3350 
3642 3345 3353 
3643 3345 3356 
3644 3346 3347 
3645 3348 3355 
3646 3349 3352 
3647 3350 3357 
3648 3350 3358 
3649 3352 3355 
3650 3354 3356 
3651 3359 3360 
3652 3359 3363 
3653 3359 3370 
3654 3360 3367 
3655 3360 3374 
3656 3361 3375 
3657 3362 3371 
3658 3362 3379 
3659 3362 3380 
3660 3364 3378 
3661 3365 3367 
3662 3365 3370 
3663 3366 3371 
3664 3366 3372 
3665 3367 3372 
3666 3368 3373 
3667 3368 3376 
3668 3368 3379 
3669 3369 3370 
3670 3371 3378 
3671 3372 3375 
3672 3373 3380 
3673 3373 3381 
3674 3375 3378 
3675 3377 3379 
3676 3382 3383 
3677 3382 3386 
3678 3382 3393 
3679 3383 3390 
3680 3383 3397 
3681 3384 3398 
3682 3385 3394 
3683 3385 3402 
3684 3385 3403 
3685 3387 3401 
3686 3388 3390 
3687 3388 3393 
3688 3389 3394 
3689 3389 3395 
3690 3390 3395 
3691 3391 3396 
3692 3391 3399 
3693 3391 3402 
3694 3392 3393 
3695 3394 3401 
3696 3395 3398 
3697 3396 3403 
3698 3396 3404 
3699 3398 3401 
3700 3400 3402 
3701 3405 3406 
3702 3405 3409 
3703 3405 3416 
3704 3406 3413 
3705 3406 3420 
3706 3407 3421 
3707 3408 3417 
3708 3408 3425 
3709 3408 3426 
3710 3410 3424 
3711 3411 3413 
3712 3411 3416 
3713 3412 3417 
3714 3412 3418 
3715 3413 3418 
3716 3414 3419 
3717 3414 3422 
3718 3414 3425 
3719 3415 3416 
3720 3417 3424 
3721 3418 3421 
3722 3419 3426 
3723 3419 3427 
3724 3421 3424 
3725 3423 3425 
3726 3428 3429 
3727 3428 3432 
3728 3428 3439 
3729 3429 3436 
3730 3429 3443 
3731 3430 3444 
3732 3431 3440 
3733 3431 3448 
3734 3431 3449 
3735 3433 3447 
3736 3434 3436 
3737 3434 3439 
3738 3435 3440 
3739 3435 3441 
3740 3436 3441 
3741 3437 3442 
3742 3437 3445 
3743 3437 3448 
3744 3438 3439 
3745 3440 3447 
3746 3441 3444 
3747 3442 3449 
3748 3442 3450 
3749 3444 3447 
3750 3446 3448 
3751 3451 3452 
3752 3451 3455 
3753 3451 3462 
3754 3452 3459 
3755 3452 3466 
3756 3453 3467 
3757 3454 3463 
3758 3454 3471 
3759 3454 3472 
3760 3456 3470 
3761 3457 3459 
3762 3457 3462 
3763 3458 3463 
3764 3458 3464 
3765 3459 3464 
3766 3460 3465 
3767 3460 3468 
3768 3460 3471 
3769 3461 3462 
3770 3463 3470 
3771 3464 3467 
3772 3465 3472 
3773 3465 3473 
3774 3467 3470 
3775 3469 3471 
3776 3474 3475 
3777 3474 3478 
3778 3474 3485 
3779 3475 3482 
3780 3475 3489 
3781 3476 3490 
3782 3477 3486 
3783 3477 3494 
3784 3477 3495 
3785 3479 3493 
3786 3480 3482 
3787 3480 3485 
3788 3481 3486 
3789 3481 3487 
3790 3482 3487 
3791 3483 3488 
3792 3483 3491 
3793 3483 3494 
3794 3484 3485 
3795 3486 3493 
3796 3487 3490 
3797 3488 3495 
3798 3488 3496 
3799 3490 3493 
3800 3492 3494 
3801 3497 3498 
3802 3497 3501 
3803 3497 3508 
3804 3498 3505 
3805 3498 3512 
3806 3499 3513 
3807 3500 3509 
3808 3500 3517 
3809 3500 3518 
3810 3502 3516 
3811 3503 3505 
3812 3503 3508 
3813 3504 3509 
3814 3504 3510 
3815 3505 3510 
3816 3506 3511 
3817 3506 3514 
3818 3506 3517 
3819 3507 3508 
3820 3509 3516 
3821 3510 3513 
3822 3511 3518 
3823 3511 3519 
3824 3513 3516 
3825 3515 3517 
3826 3520 3521 
3827 3520 3524 
3828 3520 3531 
3829 3521 3528 
3830 3521 3535 
3831 3522 3536 
3832 3523 3532 
3833 3523 3540 
3834 3523 3541 
3835 3525 3539 
3836 3526 3528 
3837 3526 3531 
3838 3527 3532 
3839 3527 3533 
3840 3528 3533 
3841 3529 3534 
3842 3529 3537 
3843 3529 3540 
3844 3530 3531 
3845 3532 3539 
3846 3533 3536 
3847 3534 3541 
3848 3534 3542 
3849 3536 3539 
3850 3538 3540 
3851 3543 3544 
3852 3543 3547 
3853 3543 3554 
3854 3544 3551 
3855 3544 3558 
3856 3545 3559 
3857 3546 3555 
3858 3546 3563 
3859 3546 3564 
3860 3548 3562 
3861 3549 3551 
3862 3549 3554 
3863 3550 3555 
3864 3550 3556 
3865 3551 3556 
3866 3552 3557 
3867 3552 3560 
3868 3552 3563 
3869 3553 3554 
3870 3555 3562 
3871 3556 3559 
3872 3557 3564 
3873 3557 3565 
3874 3559 3562 
3875 3561 3563 
3876 3566 3567 
3877 3566 3570 
3878 3566 3577 
3879 3567 3574 
3880 3567 3581 
3881 3568 3582 
3882 3569 3578 
3883 3569 3586 
3884 3569 3587 
3885 3571 3585 
3886 3572 3574 
3887 3572 3577 
3888 3573 3578 
3889 3573 3579 
3890 3574 3579 
3891 3575 3580 
3892 3575 3583 
3893 3575 3586 
3894 3576 3577 
3895 3578 3585 
3896 3579 3582 
3897 3580 3587 
3898 3580 3588 
3899 3582 3585 
3900 3584 3586 
3901 3589 3590 
3902 3589 3593 
3903 3589 3600 
3904 3590 3597 
3905 3590 3604 
3906 3591 3605 
3907 3592 3601 
3908 3592 3609 
3909 3592 3610 
3910 3594 3608 
3911 3595 3597 
3912 3595 3600 
3913 3596 3601 
3914 3596 3602 
3915 3597 3602 
3916 3598 3603 
3917 3598 3606 
3918 3598 3609 
3919 3599 3600 
3920 3601 3608 
3921 3602 3605 
3922 3603 3610 
3923 3603 3611 
3924 3605 3608 
3925 3607 3609 
3926 3612 3613 
3927 3612 3616 
3928 3612 3623 
3929 3613 3620 
3930 3613 3627 
3931 3614 3628 
3932 3615 3624 
3933 3615 3632 
3934 3615 3633 
3935 3617 3631 
3936 3618 3620 
3937 3618 3623 
3938 3619 3624 
3939 3619 3625 
3940 3620 3625 
3941 3621 3626 
3942 3621 3629 
3943 3621 3632 
3944 3622 3623 
3945 3624 3631 
3946 3625 3628 
3947 3626 3633 
3948 3626 3634 
3949 3628 3631 
3950 3630 3632 
3951 3635 3636 
3952 3635 3639 
3953 3635 3646 
3954 3636 3643 
3955 3636 3650 
3956 3637 3651 
3957 3638 3647 
3958 3638 3655 
3959 3638 3656 
3960 3640 3654 
3961 3641 3643 
3962 3641 3646 
3963 3642 3647 
3964 3642 3648 
3965 3643 3648 
3966 3644 3649 
3967 3644 3652 
3968 3644 3655 
3969 3645 3646 
3970 3647 3654 
3971 3648 3651 
3972 3649 3656 
3973 3649 3657 
3974 3651 3654 
3975 3653 3655 
3976 3658 3659 
3977 3658 3662 
3978 3658 3669 
3979 3659 3666 
3980 3659 3673 
3981 3660 3674 
3982 3661 3670 
3983 3661 3678 
3984 3661 3679 
3985 3663 3677 
3986 3664 3666 
3987 3664 3669 
3988 3665 3670 
3989 3665 3671 
3990 3666 3671 
3991 3667 3672 
3992 3667 3675 
3993 3667 3678 
3994 3668 3669 
3995 3670 3677 
3996 3671 3674 
3997 3672 3679 
3998 3672 3680 
3999 3674 3677 
4000 3676 3678 
4001 3681 3682 
4002 3681 3685 
4003 3681 3692 
4004 3682 3689 
4005 3682 3696 
4006 3683 3697 
4007 3684 3693 
4008 3684 3701 
4009 3684 3702 
4010 3686 3700 
4011 3687 3689 
4012 3687 3692 
4013 3688 3693 
4014 3688 3694 
4015 3689 3694 
4016 3690 3695 
4017 3690 3698 
4018 3690 3701 
4019 3691 3692 
4020 3693 3700 
4021 3694 3697 
4022 3695 3702 
4023 3695 3703 
4024 3697 3700 
4025 3699 3701 
4026 3704 3705 
4027 3704 3708 
4028 3704 3715 
4029 3705 3712 
4030 3705 3719 
4031 3706 3720 
4032 3707 3716 
4033 3707 3724 
4034 3707 3725 
4035 3709 3723 
4036 3710 3712 
4037 3710 3715 
4038 3711 3716 
4039 3711 3717 
4040 3712 3717 
4041 3713 3718 
4042 3713 3721 
4043 3713 3724 
4044 3714 3715 
4045 3716 3723 
4046 3717 3720 
4047 3718 3725 
4048 3718 3726 
4049 3720 3723 
4050 3722 3724 
4051 3727 3728 
4052 3727 3731 
4053 3727 3738 
4054 3728 3735 
4055 3728 3742 
4056 3729 3743 
4057 3730 3739 
4058 3730 3747 
4059 3730 3748 
4060 3732 3746 
4061 3733 3735 
4062 3733 3738 
4063 3734 3739 
4064 3734 3740 
4065 3735 3740 
4066 3736 3741 
4067 3736 3744 
4068 3736 3747 
4069 3737 3738 
4070 3739 3746 
4071 3740 3743 
4072 3741 3748 
4073 3741 3749 
4074 3743 3746 
4075 3745 3747 
4076 3750 3751 
4077 3750 3754 
4078 3750 3761 
4079 3751 3758 
4080 3751 3765 
4081 3752 3766 
4082 3753 3762 
4083 3753 3770 
4084 3753 3771 
4085 3755 3769 
4086 3756 3758 
4087 3756 3761 
4088 3757 3762 
4089 3757 3763 
4090 3758 3763 
4091 3759 3764 
4092 3759 3767 
4093 3759 3770 
4094 3760 3761 
4095 3762 3769 
4096 3763 3766 
4097 3764 3771 
4098 3764 3772 
4099 3766 3769 
4100 3768 3770 
4101 3773 3774 
4102 3773 3777 
4103 3773 3784 
4104 3774 3781 
4105 3774 3788 
4106 3775 3789 
4107 3776 3785 
4108 3776 3793 
4109 3776 3794 
4110 3778 3792 
4111 3779 3781 
4112 3779 3784 
4113 3780 3785 
4114 3780 3786 
4115 3781 3786 
4116 3782 3787 
4117 3782 3790 
4118 3782 3793 
4119 3783 3784 
4120 3785 3792 
4121 3786 3789 
4122 3787 3794 
4123 3787 3795 
4124 3789 3792 
4125 3791 3793 
4126 3796 3797 
4127 3796 3800 
4128 3796 3807 
4129 3797 3804 
4130 3797 3811 
4131 3798 3812 
4132 3799 3808 
4133 3799 3816 
4134 3799 3817 
4135 3801 3815 
4136 3802 3804 
4137 3802 3807 
4138 3803 3808 
4139 3803 3809 
4140 3804 3809 
4141 3805 3810 
4142 3805 3813 
4143 3805 3816 
4144 3806 3807 
4145 3808 3815 
4146 3809 3812 
4147 3810 3817 
4148 3810 3818 
4149 3812 3815 
4150 3814 3816 
4151 3819 3820 
4152 3819 3823 
4153 3819 3830 
4154 3820 3827 
4155 3820 3834 
4156 3821 3835 
4157 3822 3831 
4158 3822 3839 
4159 3822 3840 
4160 3824 3838 
4161 3825 3827 
4162 3825 3830 
4163 3826 3831 
4164 3826 3832 
4165 3827 3832 
4166 3828 3833 
4167 3828 3836 
4168 3828 3839 
4169 3829 3830 
4170 3831 3838 
4171 3832 3835 
4172 3833 3840 
4173 3833 3841 
4174 3835 3838 
4175 3837 3839 
4176 3842 3843 
4177 3842 3846 
4178 3842 3853 
4179 3843 3850 
4180 3843 3857 
4181 3844 3858 
4182 3845 3854 
4183 3845 3862 
4184 3845 3863 
4185 3847 3861 
4186 3848 3850 
4187 3848 3853 
4188 3849 3854 
4189 3849 3855 
4190 3850 3855 
4191 3851 3856 
4192 3851 3859 
4193 3851 3862 
4194 3852 3853 
4195 3854 3861 
4196 3855 3858 
4197 3856 3863 
4198 3856 3864 
4199 3858 3861 
4200 3860 3862 
4201 3865 3866 
4202 3865 3869 
4203 3865 3876 
4204 3866 3873 
4205 3866 3880 
4206 3867 3881 
4207 3868 3877 
4208 3868 3885 
4209 3868 3886 
4210 3870 3884 
4211 3871 3873 
4212 3871 3876 
4213 3872 3877 
4214 3872 3878 
4215 3873 3878 
4216 3874 3879 
4217 3874 3882 
4218 3874 3885 
4219 3875 3876 
4220 3877 3884 
4221 3878 3881 
4222 3879 3886 
4223 3879 3887 
4224 3881 3884 
4225 3883 3885 
4226 3888 3889 
4227 3888 3892 
4228 3888 3899 
4229 3889 3896 
4230 3889 3903 
4231 3890 3904 
4232 3891 3900 
4233 3891 3908 
4234 3891 3909 
4235 3893 3907 
4236 3894 3896 
4237 3894 3899 
4238 3895 3900 
4239 3895 3901 
4240 3896 3901 
4241 3897 3902 
4242 3897 3905 
4243 3897 3908 
4244 3898 3899 
4245 3900 3907 
4246 3901 3904 
4247 3902 3909 
4248 3902 3910 
4249 3904 3907 
4250 3906 3908 
4251 3911 3912 
4252 3911 3915 
4253 3911 3922 
4254 3912 3919 
4255 3912 3926 
4256 3913 3927 
4257 3914 3923 
4258 3914 3931 
4259 3914 3932 
4260 3916 3930 
4261 3917 3919 
4262 3917 3922 
4263 3918 3923 
4264 3918 3924 
4265 3919 3924 
4266 3920 3925 
4267 3920 3928 
4268 3920 3931 
4269 3921 3922 
4270 3923 3930 
4271 3924 3927 
4272 3925 3932 
4273 3925 3933 
4274 3927 3930 
4275 3929 3931 
4276 3934 3935 
4277 3934 3938 
4278 3934 3945 
4279 3935 3942 
4280 3935 3949 
4281 3936 3950 
4282 3937 3946 
4283 3937 3954 
4284 3937 3955 
4285 3939 3953 
4286 3940 3942 
4287 3940 3945 
4288 3941 3946 
4289 3941 3947 
4290 3942 3947 
4291 3943 3948 
4292 3943 3951 
4293 3943 3954 
4294 3944 3945 
4295 3946 3953 
4296 3947 3950 
4297 3948 3955 
4298 3948 3956 
4299 3950 3953 
4300 3952 3954 
4301 3957 3958 
4302 3957 3961 
4303 3957 3968 
4304 3958 3965 
4305 3958 3972 
4306 3959 3973 
4307 3960 3969 
4308 3960 3977 
4309 3960 3978 
4310 3962 3976 
4311 3963 3965 
4312 3963 3968 
4313 3964 3969 
4314 3964 3970 
4315 3965 3970 
4316 3966 3971 
4317 3966 3974 
4318 3966 3977 
4319 3967 3968 
4320 3969 3976 
4321 3970 3973 
4322 3971 3978 
4323 3971 3979 
4324 3973 3976 
4325 3975 3977 
4326 3980 3981 
4327 3980 3984 
4328 3980 3991 
4329 3981 3988 
4330 3981 3995 
4331 3982 3996 
4332 3983 3992 
4333 3983 4000 
4334 3983 4001 
4335 3985 3999 
4336 3986 3988 
4337 3986 3991 
4338 3987 3992 
4339 3987 3993 
4340 3988 3993 
4341 3989 3994 
4342 3989 3997 
4343 3989 4000 
4344 3990 3991 
4345 3992 3999 
4346 3993 3996 
4347 3994 4001 
4348 3994 4002 
4349 3996 3999 
4350 3998 4000 
4351 4003 4004 
4352 4003 4007 
4353 4003 4014 
4354 4004 4011 
4355 4004 4018 
4356 4005 4019 
4357 4006 4015 
4358 4006 4023 
4359 4006 4024 
4360 4008 4022 
4361 4009 4011 
4362 4009 4014 
4363 4010 4015 
4364 4010 4016 
4365 4011 4016 
4366 4012 4017 
4367 4012 4020 
4368 4012 4023 
4369 4013 4014 
4370 4015 4022 
4371 4016 4019 
4372 4017 4024 
4373 4017 4025 
4374 4019 4022 
4375 4021 4023 
4376 4026 4027 
4377 4026 4030 
4378 4026 4037 
4379 4027 4034 
4380 4027 4041 
4381 4028 4042 
4382 4029 4038 
4383 4029 4046 
4384 4029 4047 
4385 4031 4045 
4386 4032 4034 
4387 4032 4037 
4388 4033 4038 
4389 4033 4039 
4390 4034 4039 
4391 4035 4040 
4392 4035 4043 
4393 4035 4046 
4394 4036 4037 
4395 4038 4045 
4396 4039 4042 
4397 4040 4047 
4398 4040 4048 
4399 4042 4045 
4400 4044 4046 
4401 4049 4050 
4402 4049 4053 
4403 4049 4060 
4404 4050 4057 
4405 4050 4064 
4406 4051 4065 
4407 4052 4061 
4408 4052 4069 
4409 4052 4070 
4410 4054 4068 
4411 4055 4057 
4412 4055 4060 
4413 4056 4061 
4414 4056 4062 
4415 4057 4062 
4416 4058 4063 
4417 4058 4066 
4418 4058 4069 
4419 4059 4060 
4420 4061 4068 
4421 4062 4065 
4422 4063 4070 
4423 4063 4071 
4424 4065 4068 
4425 4067 4069 
4426 4072 4073 
4427 4072 4076 
4428 4072 4083 
4429 4073 4080 
4430 4073 4087 
4431 4074 4088 
4432 4075 4084 
4433 4075 4092 
4434 4075 4093 
4435 4077 4091 
4436 4078 4080 
4437 4078 4083 
4438 4079 4084 
4439 4079 4085 
4440 4080 4085 
4441 4081 4086 
4442 4081 4089 
4443 4081 4092 
4444 4082 4083 
4445 4084 4091 
4446 4085 4088 
4447 4086 4093 
4448 4086 4094 
4449 4088 4091 
4450 4090 4092 
4451 4095 4096 
4452 4095 4099 
4453 4095 4106 
4454 4096 4103 
4455 4096 4110 
4456 4097 4111 
4457 4098 4107 
4458 4098 4115 
4459 4098 4116 
4460 4100 4114 
4461 4101 4103 
4462 4101 4106 
4463 4102 4107 
4464 4102 4108 
4465 4103 4108 
4466 4104 4109 
4467 4104 4112 
4468 4104 4115 
4469 4105 4106 
4470 4107 4114 
4471 4108 4111 
4472 4109 4116 
4473 4109 4117 
4474 4111 4114 
4475 4113 4115 
4476 4118 4119 
4477 4118 4122 
4478 4118 4129 
4479 4119 4126 
4480 4119 4133 
4481 4120 4134 
4482 4121 4130 
4483 4121 4138 
4484 4121 4139 
4485 4123 4137 
4486 4124 4126 
4487 4124 4129 
4488 4125 4130 
4489 4125 4131 
4490 4126 4131 
4491 4127 4132 
4492 4127 4135 
4493 4127 4138 
4494 4128 4129 
4495 4130 4137 
4496 4131 4134 
4497 4132 4139 
4498 4132 4140 
4499 4134 4137 
4500 4136 4138 
4501 4141 4142 
4502 4141 4145 
4503 4141 4152 
4504 4142 4149 
4505 4142 4156 
4506 4143 4157 
4507 4144 4153 
4508 4144 4161 
4509 4144 4162 
4510 4146 4160 
4511 4147 4149 
4512 4147 4152 
4513 4148 4153 
4514 4148 4154 
4515 4149 4154 
4516 4150 4155 
4517 4150 4158 
4518 4150 4161 
4519 4151 4152 
4520 4153 4160 
4521 4154 4157 
4522 4155 4162 
4523 4155 4163 
4524 4157 4160 
4525 4159 4161 
4526 4164 4165 
4527 4164 4168 
4528 4164 4175 
4529 4165 4172 
4530 4165 4179 
4531 4166 4180 
4532 4167 4176 
4533 4167 4184 
4534 4167 4185 
4535 4169 4183 
4536 4170 4172 
4537 4170 4175 
4538 4171 4176 
4539 4171 4177 
4540 4172 4177 
4541 4173 4178 
4542 4173 4181 
4543 4173 4184 
4544 4174 4175 
4545 4176 4183 
4546 4177 4180 
4547 4178 4185 
4548 4178 4186 
4549 4180 4183 
4550 4182 4184 
4551 4187 4188 
4552 4187 4191 
4553 4187 4198 
4554 4188 4195 
4555 4188 4202 
4556 4189 4203 
4557 4190 4199 
4558 4190 4207 
4559 4190 4208 
4560 4192 4206 
4561 4193 4195 
4562 4193 4198 
4563 4194 4199 
4564 4194 4200 
4565 4195 4200 
4566 4196 4201 
4567 4196 4204 
4568 4196 4207 
4569 4197 4198 
4570 4199 4206 
4571 4200 4203 
4572 4201 4208 
4573 4201 4209 
4574 4203 4206 
4575 4205 4207 
4576 4210 4211 
4577 4210 4214 
4578 4210 4221 
4579 4211 4218 
4580 4211 4225 
4581 4212 4226 
4582 4213 4222 
4583 4213 4230 
4584 4213 4231 
4585 4215 4229 
4586 4216 4218 
4587 4216 4221 
4588 4217 4222 
4589 4217 4223 
4590 4218 4223 
4591 4219 4224 
4592 4219 4227 
4593 4219 4230 
4594 4220 4221 
4595 4222 4229 
4596 4223 4226 
4597 4224 4231 
4598 4224 4232 
4599 4226 4229 
4600 4228 4230 
4601 4233 4234 
4602 4233 4237 
4603 4233 4244 
4604 4234 4241 
4605 4234 4248 
4606 4235 4249 
4607 4236 4245 
4608 4236 4253 
4609 4236 4254 
4610 4238 4252 
4611 4239 4241 
4612 4239 4244 
4613 4240 4245 
4614 4240 4246 
4615 4241 4246 
4616 4242 4247 
4617 4242 4250 
4618 4242 4253 
4619 4243 4244 
4620 4245 4252 
4621 4246 4249 
4622 4247 4254 
4623 4247 4255 
4624 4249 4252 
4625 4251 4253 
4626 4256 4257 
4627 4256 4260 
4628 4256 4267 
4629 4257 4264 
4630 4257 4271 
4631 4258 4272 
4632 4259 4268 
4633 4259 4276 
4634 4259 4277 
4635 4261 4275 
4636 4262 4264 
4637 4262 4267 
4638 4263 4268 
4639 4263 4269 
4640 4264 4269 
4641 4265 4270 
4642 4265 4273 
4643 4265 4276 
4644 4266 4267 
4645 4268 4275 
4646 4269 4272 
4647 4270 4277 
4648 4270 4278 
4649 4272 4275 
4650 4274 4276 
4651 4279 4280 
4652 4279 4283 
4653 4279 4290 
4654 4280 4287 
4655 4280 4294 
4656 4281 4295 
4657 4282 4291 
4658 4282 4299 
4659 4282 4300 
4660 4284 4298 
4661 4285 4287 
4662 4285 4290 
4663 4286 4291 
4664 4286 4292 
4665 4287 4292 
4666 4288 4293 
4667 4288 4296 
4668 4288 4299 
4669 4289 4290 
4670 4291 4298 
4671 4292 4295 
4672 4293 4300 
4673 4293 4301 
4674 4295 4298 
4675 4297 4299 
4676 4302 4303 
4677 4302 4306 
4678 4302 4313 
4679 4303 4310 
4680 4303 4317 
4681 4304 4318 
4682 4305 4314 
4683 4305 4322 
4684 4305 4323 
4685 4307 4321 
4686 4308 4310 
4687 4308 4313 
4688 4309 4314 
4689 4309 4315 
4690 4310 4315 
4691 4311 4316 
4692 4311 4319 
4693 4311 4322 
4694 4312 4313 
4695 4314 4321 
4696 4315 4318 
4697 4316 4323 
4698 4316 4324 
4699 4318 4321 
4700 4320 4322 
4701 4325 4326 
4702 4325 4329 
4703 4325 4336 
4704 4326 4333 
4705 4326 4340 
4706 4327 4341 
4707 4328 4337 
4708 4328 4345 
4709 4328 4346 
4710 4330 4344 
4711 4331 4333 
4712 4331 4336 
4713 4332 4337 
4714 4332 4338 
4715 4333 4338 
4716 4334 4339 
4717 4334 4342 
4718 4334 4345 
4719 4335 4336 
4720 4337 4344 
4721 4338 4341 
4722 4339 4346 
4723 4339 4347 
4724 4341 4344 
4725 4343 4345 
4726 4348 4349 
4727 4348 4352 
4728 4348 4359 
4729 4349 4356 
4730 4349 4363 
4731 4350 4364 
4732 4351 4360 
4733 4351 4368 
4734 4351 4369 
4735 4353 4367 
4736 4354 4356 
4737 4354 4359 
4738 4355 4360 
4739 4355 4361 
4740 4356 4361 
4741 4357 4362 
4742 4357 4365 
4743 4357 4368 
4744 4358 4359 
4745 4360 4367 
4746 4361 4364 
4747 4362 4369 
4748 4362 4370 
4749 4364 4367 
4750 4366 4368 
4751 4371 4372 
4752 4371 4375 
4753 4371 4382 
4754 4372 4379 
4755 4372 4386 
4756 4373 4387 
4757 4374 4383 
4758 4374 4391 
4759 4374 4392 
4760 4376 4390 
4761 4377 4379 
4762 4377 4382 
4763 4378 4383 
4764 4378 4384 
4765 4379 4384 
4766 4380 4385 
4767 4380 4388 
4768 4380 4391 
4769 4381 4382 
4770 4383 4390 
4771 4384 4387 
4772 4385 4392 
4773 4385 4393 
4774 4387 4390 
4775 4389 4391 
4776 4394 4395 
4777 4394 4398 
4778 4394 4405 
4779 4395 4402 
4780 4395 4409 
4781 4396 4410 
4782 4397 4406 
4783 4397 4414 
4784 4397 4415 
4785 4399 4413 
4786 4400 4402 
4787 4400 4405 
4788 4401 4406 
4789 4401 4407 
4790 4402 4407 
4791 4403 4408 
4792 4403 4411 
4793 4403 4414 
4794 4404 4405 
4795 4406 4413 
4796 4407 4410 
4797 4408 4415 
4798 4408 4416 
4799 4410 4413 
4800 4412 4414 
4801 4417 4418 
4802 4417 4421 
4803 4417 4428 
4804 4418 4425 
4805 4418 4432 
4806 4419 4433 
4807 4420 4429 
4808 4420 4437 
4809 4420 4438 
4810 4422 4436 
4811 4423 4425 
4812 4423 4428 
4813 4424 4429 
4814 4424 4430 
4815 4425 4430 
4816 4426 4431 
4817 4426 4434 
4818 4426 4437 
4819 4427 4428 
4820 4429 4436 
4821 4430 4433 
4822 4431 4438 
4823 4431 4439 
4824 4433 4436 
4825 4435 4437 
4826 4440 4441 
4827 4440 4444 
4828 4440 4451 
4829 4441 4448 
4830 4441 4455 
4831 4442 4456 
4832 4443 4452 
4833 4443 4460 
4834 4443 4461 
4835 4445 4459 
4836 4446 4448 
4837 4446 4451 
4838 4447 4452 
4839 4447 4453 
4840 4448 4453 
4841 4449 4454 
4842 4449 4457 
4843 4449 4460 
4844 4450 4451 
4845 4452 4459 
4846 4453 4456 
4847 4454 4461 
4848 4454 4462 
4849 4456 4459 
4850 4458 4460 
4851 4463 4464 
4852 4463 4467 
4853 4463 4474 
4854 4464 4471 
4855 4464 4478 
4856 4465 4479 
4857 4466 4475 
4858 4466 4483 
4859 4466 4484 
4860 4468 4482 
4861 4469 4471 
4862 4469 4474 
4863 4470 4475 
4864 4470 4476 
4865 4471 4476 
4866 4472 4477 
4867 4472 4480 
4868 4472 4483 
4869 4473 4474 
4870 4475 4482 
4871 4476 4479 
4872 4477 4484 
4873 4477 4485 
4874 4479 4482 
4875 4481 4483 
4876 4486 4487 
4877 4486 4490 
4878 4486 4497 
4879 4487 4494 
4880 4487 4501 
4881 4488 4502 
4882 4489 4498 
4883 4489 4506 
4884 4489 4507 
4885 4491 4505 
4886 4492 4494 
4887 4492 4497 
4888 4493 4498 
4889 4493 4499 
4890 4494 4499 
4891 4495 4500 
4892 4495 4503 
4893 4495 4506 
4894 4496 4497 
4895 4498 4505 
4896 4499 4502 
4897 4500 4507 
4898 4500 4508 
4899 4502 4505 
4900 4504 4506 
4901 4509 4510 
4902 4509 4513 
4903 4509 4520 
4904 4510 4517 
4905 4510 4524 
4906 4511 4525 
4907 4512 4521 
4908 4512 4529 
4909 4512 4530 
4910 4514 4528 
4911 4515 4517 
4912 4515 4520 
4913 4516 4521 
4914 4516 4522 
4915 4517 4522 
4916 4518 4523 
4917 4518 4526 
4918 4518 4529 
4919 4519 4520 
4920 4521 4528 
4921 4522 4525 
4922 4523 4530 
4923 4523 4531 
4924 4525 4528 
4925 4527 4529 
4926 4532 4533 
4927 4532 4536 
4928 4532 4543 
4929 4533 4540 
4930 4533 4547 
4931 4534 4548 
4932 4535 4544 
4933 4535 4552 
4934 4535 4553 
4935 4537 4551 
4936 4538 4540 
4937 4538 4543 
4938 4539 4544 
4939 4539 4545 
4940 4540 4545 
4941 4541 4546 
4942 4541 4549 
4943 4541 4552 
4944 4542 4543 
4945 4544 4551 
4946 4545 4548 
4947 4546 4553 
4948 4546 4554 
4949 4548 4551 
4950 4550 4552 
4951 4555 4556 
4952 4555 4559 
4953 4555 4566 
4954 4556 4563 
4955 4556 4570 
4956 4557 4571 
4957 4558 4567 
4958 4558 4575 
4959 4558 4576 
4960 4560 4574 
4961 4561 4563 
4962 4561 4566 
4963 4562 4567 
4964 4562 4568 
4965 4563 4568 
4966 4564 4569 
4967 4564 4572 
4968 4564 4575 
4969 4565 4566 
4970 4567 4574 
4971 4568 4571 
4972 4569 4576 
4973 4569 4577 
4974 4571 4574 
4975 4573 4575 
4976 4578 4579 
4977 4578 4582 
4978 4578 4589 
4979 4579 4586 
4980 4579 4593 
4981 4580 4594 
4982 4581 4590 
4983 4581 4598 
4984 4581 4599 
4985 4583 4597 
4986 4584 4586 
4987 4584 4589 
4988 4585 4590 
4989 4585 4591 
4990 4586 4591 
4991 4587 4592 
4992 4587 4595 
4993 4587 4598 
4994 4588 4589 
4995 4590 4597 
4996 4591 4594 
4997 4592 4599 
4998 4592 4600 
4999 4594 4597 
5000 4596 4598 
5001 4601 4602 
5002 4601 4605 
5003 4601 4612 
5004 4602 4609 
5005 4602 4616 
5006 4603 4617 
5007 4604 4613 
5008 4604 4621 
5009 4604 4622 
5010 4606 4620 
5011 4607 4609 
5012 4607 4612 
5013 4608 4613 
5014 4608 4614 
5015 4609 4614 
5016 4610 4615 
5017 4610 4618 
5018 4610 4621 
5019 4611 4612 
5020 4613 4620 
5021 4614 4617 
5022 4615 4622 
5023 4615 4623 
5024 4617 4620 
5025 4619 4621 
5026 4624 4625 
5027 4624 4628 
5028 4624 4635 
5029 4625 4632 
5030 4625 4639 
5031 4626 4640 
5032 4627 4636 
5033 4627 4644 
5034 4627 4645 
5035 4629 4643 
5036 4630 4632 
5037 4630 4635 
5038 4631 4636 
5039 4631 4637 
5040 4632 4637 
5041 4633 4638 
5042 4633 4641 
5043 4633 4644 
5044 4634 4635 
5045 4636 4643 
5046 4637 4640 
5047 4638 4645 
5048 4638 4646 
5049 4640 4643 
5050 4642 4644 
5051 4647 4648 
5052 4647 4651 
5053 4647 4658 
5054 4648 4655 
5055 4648 4662 
5056 4649 4663 
5057 4650 4659 
5058 4650 4667 
5059 4650 4668 
5060 4652 4666 
5061 4653 4655 
5062 4653 4658 
5063 4654 4659 
5064 4654 4660 
5065 4655 4660 
5066 4656 4661 
5067 4656 4664 
5068 4656 4667 
5069 4657 4658 
5070 4659 4666 
5071 4660 4663 
5072 4661 4668 
5073 4661 4669 
5074 4663 4666 
5075 4665 4667 
5076 4670 4671 
5077 4670 4674 
5078 4670 4681 
5079 4671 4678 
5080 4671 4685 
5081 4672 4686 
5082 4673 4682 
5083 4673 4690 
5084 4673 4691 
5085 4675 4689 
5086 4676 4678 
5087 4676 4681 
5088 4677 4682 
5089 4677 4683 
5090 4678 4683 
5091 4679 4684 
5092 4679 4687 
5093 4679 4690 
5094 4680 4681 
5095 4682 4689 
5096 4683 4686 
5097 4684 4691 
5098 4684 4692 
5099 4686 4689 
5100 4688 4690 
5101 4693 4694 
5102 4693 4697 
5103 4693 4704 
5104 4694 4701 
5105 4694 4708 
5106 4695 4709 
5107 4696 4705 
5108 4696 4713 
5109 4696 4714 
5110 4698 4712 
5111 4699 4701 
5112 4699 4704 
5113 4700 4705 
5114 4700 4706 
5115 4701 4706 
5116 4702 4707 
5117 4702 4710 
5118 4702 4713 
5119 4703 4704 
5120 4705 4712 
5121 4706 4709 
5122 4707 4714 
5123 4707 4715 
5124 4709 4712 
5125 4711 4713 
5126 4716 4717 
5127 4716 4720 
5128 4716 4727 
5129 4717 4724 
5130 4717 4731 
5131 4718 4732 
5132 4719 4728 
5133 4719 4736 
5134 4719 4737 
5135 4721 4735 
5136 4722 4724 
5137 4722 4727 
5138 4723 4728 
5139 4723 4729 
5140 4724 4729 
5141 4725 4730 
5142 4725 4733 
5143 4725 4736 
5144 4726 4727 
5145 4728 4735 
5146 4729 4732 
5147 4730 4737 
5148 4730 4738 
5149 4732 4735 
5150 4734 4736 
5151 4739 4740 
5152 4739 4743 
5153 4739 4750 
5154 4740 4747 
5155 4740 4754 
5156 4741 4755 
5157 4742 4751 
5158 4742 4759 
5159 4742 4760 
5160 4744 4758 
5161 4745 4747 
5162 4745 4750 
5163 4746 4751 
5164 4746 4752 
5165 4747 4752 
5166 4748 4753 
5167 4748 4756 
5168 4748 4759 
5169 4749 4750 
5170 4751 4758 
5171 4752 4755 
5172 4753 4760 
5173 4753 4761 
5174 4755 4758 
5175 4757 4759 
5176 4762 4763 
5177 4762 4766 
5178 4762 4773 
5179 4763 4770 
5180 4763 4777 
5181 4764 4778 
5182 4765 4774 
5183 4765 4782 
5184 4765 4783 
5185 4767 4781 
5186 4768 4770 
5187 4768 4773 
5188 4769 4774 
5189 4769 4775 
5190 4770 4775 
5191 4771 4776 
5192 4771 4779 
5193 4771 4782 
5194 4772 4773 
5195 4774 4781 
5196 4775 4778 
5197 4776 4783 
5198 4776 4784 
5199 4778 4781 
5200 4780 4782 
5201 4785 4786 
5202 4785 4789 
5203 4785 4796 
5204 4786 4793 
5205 4786 4800 
5206 4787 4801 
5207 4788 4797 
5208 4788 4805 
5209 4788 4806 
5210 4790 4804 
5211 4791 4793 
5212 4791 4796 
5213 4792 4797 
5214 4792 4798 
5215 4793 4798 
5216 4794 4799 
5217 4794 4802 
5218 4794 4805 
5219 4795 4796 
5220 4797 4804 
5221 4798 4801 
5222 4799 4806 
5223 4799 4807 
5224 4801 4804 
5225 4803 4805 
5226 4808 4809 
5227 4808 4812 
5228 4808 4819 
5229 4809 4816 
5230 4809 4823 
5231 4810 4824 
5232 4811 4820 
5233 4811 4828 
5234 4811 4829 
5235 4813 4827 
5236 4814 4816 
5237 4814 4819 
5238 4815 4820 
5239 4815 4821 
5240 4816 4821 
5241 4817 4822 
5242 4817 4825 
5243 4817 4828 
5244 4818 4819 
5245 4820 4827 
5246 4821 4824 
5247 4822 4829 
5248 4822 4830 
5249 4824 4827 
5250 4826 4828 
5251 4831 4832 
5252 4831 4835 
5253 4831 4842 
5254 4832 4839 
5255 4832 4846 
5256 4833 4847 
5257 4834 4843 
5258 4834 4851 
5259 4834 4852 
5260 4836 4850 
5261 4837 4839 
5262 4837 4842 
5263 4838 4843 
5264 4838 4844 
5265 4839 4844 
5266 4840 4845 
5267 4840 4848 
5268 4840 4851 
5269 4841 4842 
5270 4843 4850 
5271 4844 4847 
5272 4845 4852 
5273 4845 4853 
5274 4847 4850 
5275 4849 4851 
5276 4854 4855 
5277 4854 4858 
5278 4854 4865 
5279 4855 4862 
5280 4855 4869 
5281 4856 4870 
5282 4857 4866 
5283 4857 4874 
5284 4857 4875 
5285 4859 4873 
5286 4860 4862 
5287 4860 4865 
5288 4861 4866 
5289 4861 4867 
5290 4862 4867 
5291 4863 4868 
5292 4863 4871 
5293 4863 4874 
5294 4864 4865 
5295 4866 4873 
5296 4867 4870 
5297 4868 4875 
5298 4868 4876 
5299 4870 4873 
5300 4872 4874 
5301 4877 4878 
5302 4877 4881 
5303 4877 4888 
5304 4878 4885 
5305 4878 4892 
5306 4879 4893 
5307 4880 4889 
5308 4880 4897 
5309 4880 4898 
5310 4882 4896 
5311 4883 4885 
5312 4883 4888 
5313 4884 4889 
5314 4884 4890 
5315 4885 4890 
5316 4886 4891 
5317 4886 4894 
5318 4886 4897 
5319 4887 4888 
5320 4889 4896 
5321 4890 4893 
5322 4891 4898 
5323 4891 4899 
5324 4893 4896 
5325 4895 4897 
5326 4900 4901 
5327 4900 4904 
5328 4900 4911 
5329 4901 4908 
5330 4901 4915 
5331 4902 4916 
5332 4903 4912 
5333 4903 4920 
5334 4903 4921 
5335 4905 4919 
5336 4906 4908 
5337 4906 4911 
5338 4907 4912 
5339 4907 4913 
5340 4908 4913 
5341 4909 4914 
5342 4909 4917 
5343 4909 4920 
5344 4910 4911 
5345 4912 4919 
5346 4913 4916 
5347 4914 4921 
5348 4914 4922 
5349 4916 4919 
5350 4918 4920 
5351 4923 4924 
5352 4923 4927 
5353 4923 4934 
5354 4924 4931 
5355 4924 4938 
5356 4925 4939 
5357 4926 4935 
5358 4926 4943 
5359 4926 4944 
5360 4928 4942 
5361 4929 4931 
5362 4929 4934 
5363 4930 4935 
5364 4930 4936 
5365 4931 4936 
5366 4932 4937 
5367 4932 4940 
5368 4932 4943 
5369 4933 4934 
5370 4935 4942 
5371 4936 4939 
5372 4937 4944 
5373 4937 4945 
5374 4939 4942 
5375 4941 4943 
5376 4946 4947 
5377 4946 4950 
5378 4946 4957 
5379 4947 4954 
5380 4947 4961 
5381 4948 4962 
5382 4949 4958 
5383 4949 4966 
5384 4949 4967 
5385 4951 4965 
5386 4952 4954 
5387 4952 4957 
5388 4953 4958 
5389 4953 4959 
5390 4954 4959 
5391 4955 4960 
5392 4955 4963 
5393 4955 4966 
5394 4956 4957 
5395 4958 4965 
5396 4959 4962 
5397 4960 4967 
5398 4960 4968 
5399 4962 4965 
5400 4964 4966 
5401 4969 4970 
5402 4969 4973 
5403 4969 4980 
5404 4970 4977 
5405 4970 4984 
5406 4971 4985 
5407 4972 4981 
5408 4972 4989 
5409 4972 4990 
5410 4974 4988 
5411 4975 4977 
5412 4975 4980 
5413 4976 4981 
5414 4976 4982 
5415 4977 4982 
5416 4978 4983 
5417 4978 4986 
5418 4978 4989 
5419 4979 4980 
5420 4981 4988 
5421 4982 4985 
5422 4983 4990 
5423 4983 4991 
5424 4985 4988 
5425 4987 4989 
5426 4992 4993 
5427 4992 4996 
5428 4992 5003 
5429 4993 5000 
5430 4993 5007 
5431 4994 5008 
5432 4995 5004 
5433 4995 5012 
5434 4995 5013 
5435 4997 5011 
5436 4998 5000 
5437 4998 5003 
5438 4999 5004 
5439 4999 5005 
5440 5000 5005 
5441 5001 5006 
5442 5001 5009 
5443 5001 5012 
5444 5002 5003 
5445 5004 5011 
5446 5005 5008 
5447 5006 5013 
5448 5006 5014 
5449 5008 5011 
5450 5010 5012 
5451 5015 5016 
5452 5015 5019 
5453 5015 5026 
5454 5016 5023 
5455 5016 5030 
5456 5017 5031 
5457 5018 5027 
5458 5018 5035 
5459 5018 5036 
5460 5020 5034 
5461 5021 5023 
5462 5021 5026 
5463 5022 5027 
5464 5022 5028 
5465 5023 5028 
5466 5024 5029 
5467 5024 5032 
5468 5024 5035 
5469 5025 5026 
5470 5027 5034 
5471 5028 5031 
5472 5029 5036 
5473 5029 5037 
5474 5031 5034 
5475 5033 5035 
5476 5038 5039 
5477 5038 5042 
5478 5038 5049 
5479 5039 5046 
5480 5039 5053 
5481 5040 5054 
5482 5041 5050 
5483 5041 5058 
5484 5041 5059 
5485 5043 5057 
5486 5044 5046 
5487 5044 5049 
5488 5045 5050 
5489 5045 5051 
5490 5046 5051 
5491 5047 5052 
5492 5047 5055 
5493 5047 5058 
5494 5048 5049 
5495 5050 5057 
5496 5051 5054 
5497 5052 5059 
5498 5052 5060 
5499 5054 5057 
5500 5056 5058 
5501 5061 5062 
5502 5061 5065 
5503 5061 5072 
5504 5062 5069 
5505 5062 5076 
5506 5063 5077 
5507 5064 5073 
5508 5064 5081 
5509 5064 5082 
5510 5066 5080 
5511 5067 5069 
5512 5067 5072 
5513 5068 5073 
5514 5068 5074 
5515 5069 5074 
5516 5070 5075 
5517 5070 5078 
5518 5070 5081 
5519 5071 5072 
5520 5073 5080 
5521 5074 5077 
5522 5075 5082 
5523 5075 5083 
5524 5077 5080 
5525 5079 5081 
5526 5084 5085 
5527 5084 5088 
5528 5084 5095 
5529 5085 5092 
5530 5085 5099 
5531 5086 5100 
5532 5087 5096 
5533 5087 5104 
5534 5087 5105 
5535 5089 5103 
5536 5090 5092 
5537 5090 5095 
5538 5091 5096 
5539 5091 5097 
5540 5092 5097 
5541 5093 5098 
5542 5093 5101 
5543 5093 5104 
5544 5094 5095 
5545 5096 5103 
5546 5097 5100 
5547 5098 5105 
5548 5098 5106 
5549 5100 5103 
5550 5102 5104 
5551 5107 5108 
5552 5107 5111 
5553 5107 5118 
5554 5108 5115 
5555 5108 5122 
5556 5109 5123 
5557 5110 5119 
5558 5110 5127 
5559 5110 5128 
5560 5112 5126 
5561 5113 5115 
5562 5113 5118 
5563 5114 5119 
5564 5114 5120 
5565 5115 5120 
5566 5116 5121 
5567 5116 5124 
5568 5116 5127 
5569 5117 5118 
5570 5119 5126 
5571 5120 5123 
5572 5121 5128 
5573 5121 5129 
5574 5123 5126 
5575 5125 5127 
5576 5130 5131 
5577 5130 5134 
5578 5130 5141 
5579 5131 5138 
5580 5131 5145 
5581 5132 5146 
5582 5133 5142 
5583 5133 5150 
5584 5133 5151 
5585 5135 5149 
5586 5136 5138 
5587 5136 5141 
5588 5137 5142 
5589 5137 5143 
5590 5138 5143 
5591 5139 5144 
5592 5139 5147 
5593 5139 5150 
5594 5140 5141 
5595 5142 5149 
5596 5143 5146 
5597 5144 5151 
5598 5144 5152 
5599 5146 5149 
5600 5148 5150 
5601 5153 5154 
5602 5153 5157 
5603 5153 5164 
5604 5154 5161 
5605 5154 5168 
5606 5155 5169 
5607 5156 5165 
5608 5156 5173 
5609 5156 5174 
5610 5158 5172 
5611 5159 5161 
5612 5159 5164 
5613 5160 5165 
5614 5160 5166 
5615 5161 5166 
5616 5162 5167 
5617 5162 5170 
5618 5162 5173 
5619 5163 5164 
5620 5165 5172 
5621 5166 5169 
5622 5167 5174 
5623 5167 5175 
5624 5169 5172 
5625 5171 5173 
5626 5176 5177 
5627 5176 5180 
5628 5176 5187 
5629 5177 5184 
5630 5177 5191 
5631 5178 5192 
5632 5179 5188 
5633 5179 5196 
5634 5179 5197 
5635 5181 5195 
5636 5182 5184 
5637 5182 5187 
5638 5183 5188 
5639 5183 5189 
5640 5184 5189 
5641 5185 5190 
5642 5185 5193 
5643 5185 5196 
5644 5186 5187 
5645 5188 5195 
5646 5189 5192 
5647 5190 5197 
5648 5190 5198 
5649 5192 5195 
5650 5194 5196 
5651 5199 5200 
5652 5199 5203 
5653 5199 5210 
5654 5200 5207 
5655 5200 5214 
5656 5201 5215 
5657 5202 5211 
5658 5202 5219 
5659 5202 5220 
5660 5204 5218 
5661 5205 5207 
5662 5205 5210 
5663 5206 5211 
5664 5206 5212 
5665 5207 5212 
5666 5208 5213 
5667 5208 5216 
5668 5208 5219 
5669 5209 5210 
5670 5211 5218 
5671 5212 5215 
5672 5213 5220 
5673 5213 5221 
5674 5215 5218 
5675 5217 5219 
5676 5222 5223 
5677 5222 5226 
5678 5222 5233 
5679 5223 5230 
5680 5223 5237 
5681 5224 5238 
5682 5225 5234 
5683 5225 5242 
5684 5225 5243 
5685 5227 5241 
5686 5228 5230 
5687 5228 5233 
5688 5229 5234 
5689 5229 5235 
5690 5230 5235 
5691 5231 5236 
5692 5231 5239 
5693 5231 5242 
5694 5232 5233 
5695 5234 5241 
5696 5235 5238 
5697 5236 5243 
5698 5236 5244 
5699 5238 5241 
5700 5240 5242 
5701 5245 5246 
5702 5245 5249 
5703 5245 5256 
5704 5246 5253 
5705 5246 5260 
5706 5247 5261 
5707 5248 5257 
5708 5248 5265 
5709 5248 5266 
5710 5250 5264 
5711 5251 5253 
5712 5251 5256 
5713 5252 5257 
5714 5252 5258 
5715 5253 5258 
5716 5254 5259 
5717 5254 5262 
5718 5254 5265 
5719 5255 5256 
5720 5257 5264 
5721 5258 5261 
5722 5259 5266 
5723 5259 5267 
5724 5261 5264 
5725 5263 5265 
5726 5268 5269 
5727 5268 5272 
5728 5268 5279 
5729 5269 5276 
5730 5269 5283 
5731 5270 5284 
5732 5271 5280 
5733 5271 5288 
5734 5271 5289 
5735 5273 5287 
5736 5274 5276 
5737 5274 5279 
5738 5275 5280 
5739 5275 5281 
5740 5276 5281 
5741 5277 5282 
5742 5277 5285 
5743 5277 5288 
5744 5278 5279 
5745 5280 5287 
5746 5281 5284 
5747 5282 5289 
5748 5282 5290 
5749 5284 5287 
5750 5286 5288 
5751 5291 5292 
5752 5291 5295 
5753 5291 5302 
5754 5292 5299 
5755 5292 5306 
5756 5293 5307 
5757 5294 5303 
5758 5294 5311 
5759 5294 5312 
5760 5296 5310 
5761 5297 5299 
5762 5297 5302 
5763 5298 5303 
5764 5298 5304 
5765 5299 5304 
5766 5300 5305 
5767 5300 5308 
5768 5300 5311 
5769 5301 5302 
5770 5303 5310 
5771 5304 5307 
5772 5305 5312 
5773 5305 5313 
5774 5307 5310 
5775 5309 5311 
5776 5314 5315 
5777 5314 5318 
5778 5314 5325 
5779 5315 5322 
5780 5315 5329 
5781 5316 5330 
5782 5317 5326 
5783 5317 5334 
5784 5317 5335 
5785 5319 5333 
5786 5320 5322 
5787 5320 5325 
5788 5321 5326 
5789 5321 5327 
5790 5322 5327 
5791 5323 5328 
5792 5323 5331 
5793 5323 5334 
5794 5324 5325 
5795 5326 5333 
5796 5327 5330 
5797 5328 5335 
5798 5328 5336 
5799 5330 5333 
5800 5332 5334 
5801 5337 5338 
5802 5337 5341 
5803 5337 5348 
5804 5338 5345 
5805 5338 5352 
5806 5339 5353 
5807 5340 5349 
5808 5340 5357 
5809 5340 5358 
5810 5342 5356 
5811 5343 5345 
5812 5343 5348 
5813 5344 5349 
5814 5344 5350 
5815 5345 5350 
5816 5346 5351 
5817 5346 5354 
5818 5346 5357 
5819 5347 5348 
5820 5349 5356 
5821 5350 5353 
5822 5351 5358 
5823 5351 5359 
5824 5353 5356 
5825 5355 5357 
5826 5360 5361 
5827 5360 5364 
5828 5360 5371 
5829 5361 5368 
5830 5361 5375 
5831 5362 5376 
5832 5363 5372 
5833 5363 5380 
5834 5363 5381 
5835 5365 5379 
5836 5366 5368 
5837 5366 5371 
5838 5367 5372 
5839 5367 5373 
5840 5368 5373 
5841 5369 5374 
5842 5369 5377 
5843 5369 5380 
5844 5370 5371 
5845 5372 5379 
5846 5373 5376 
5847 5374 5381 
5848 5374 5382 
5849 5376 5379 
5850 5378 5380 
5851 5383 5384 
5852 5383 5387 
5853 5383 5394 
5854 5384 5391 
5855 5384 5398 
5856 5385 5399 
5857 5386 5395 
5858 5386 5403 
5859 5386 5404 
5860 5388 5402 
5861 5389 5391 
5862 5389 5394 
5863 5390 5395 
5864 5390 5396 
5865 5391 5396 
5866 5392 5397 
5867 5392 5400 
5868 5392 5403 
5869 5393 5394 
5870 5395 5402 
5871 5396 5399 
5872 5397 5404 
5873 5397 5405 
5874 5399 5402 
5875 5401 5403 
5876 5406 5407 
5877 5406 5410 
5878 5406 5417 
5879 5407 5414 
5880 5407 5421 
5881 5408 5422 
5882 5409 5418 
5883 5409 5426 
5884 5409 5427 
5885 5411 5425 
5886 5412 5414 
5887 5412 5417 
5888 5413 5418 
5889 5413 5419 
5890 5414 5419 
5891 5415 5420 
5892 5415 5423 
5893 5415 5426 
5894 5416 5417 
5895 5418 5425 
5896 5419 5422 
5897 5420 5427 
5898 5420 5428 
5899 5422 5425 
5900 5424 5426 
5901 5429 5430 
5902 5429 5433 
5903 5429 5440 
5904 5430 5437 
5905 5430 5444 
5906 5431 5445 
5907 5432 5441 
5908 5432 5449 
5909 5432 5450 
5910 5434 5448 
5911 5435 5437 
5912 5435 5440 
5913 5436 5441 
5914 5436 5442 
5915 5437 5442 
5916 5438 5443 
5917 5438 5446 
5918 5438 5449 
5919 5439 5440 
5920 5441 5448 
5921 5442 5445 
5922 5443 5450 
5923 5443 5451 
5924 5445 5448 
5925 5447 5449 
5926 5452 5453 
5927 5452 5456 
5928 5452 5463 
5929 5453 5460 
5930 5453 5467 
5931 5454 5468 
5932 5455 5464 
5933 5455 5472 
5934 5455 5473 
5935 5457 5471 
5936 5458 5460 
5937 5458 5463 
5938 5459 5464 
5939 5459 5465 
5940 5460 5465 
5941 5461 5466 
5942 5461 5469 
5943 5461 5472 
5944 5462 5463 
5945 5464 5471 
5946 5465 5468 
5947 5466 5473 
5948 5466 5474 
5949 5468 5471 
5950 5470 5472 
5951 5475 5476 
5952 5475 5479 
5953 5475 5486 
5954 5476 5483 
5955 5476 5490 
5956 5477 5491 
5957 5478 5487 
5958 5478 5495 
5959 5478 5496 
5960 5480 5494 
5961 5481 5483 
5962 5481 5486 
5963 5482 5487 
5964 5482 5488 
5965 5483 5488 
5966 5484 5489 
5967 5484 5492 
5968 5484 5495 
5969 5485 5486 
5970 5487 5494 
5971 5488 5491 
5972 5489 5496 
5973 5489 5497 
5974 5491 5494 
5975 5493 5495 
5976 5498 5499 
5977 5498 5502 
5978 5498 5509 
5979 5499 5506 
5980 5499 5513 
5981 5500 5514 
5982 5501 5510 
5983 5501 5518 
5984 5501 5519 
5985 5503 5517 
5986 5504 5506 
5987 5504 5509 
5988 5505 5510 
5989 5505 5511 
5990 5506 5511 
5991 5507 5512 
5992 5507 5515 
5993 5507 5518 
5994 5508 5509 
5995 5510 5517 
5996 5511 5514 
5997 5512 5519 
5998 5512 5520 
5999 5514 5517 
6000 5516 5518 
6001 5521 5522 
6002 5521 5525 
6003 5521 5532 
6004 5522 5529 
6005 5522 5536 
6006 5523 5537 
6007 5524 5533 
6008 5524 5541 
6009 5524 5542 
6010 5526 5540 
6011 5527 5529 
6012 5527 5532 
6013 5528 5533 
6014 5528 5534 
6015 5529 5534 
6016 5530 5535 
6017 5530 5538 
6018 5530 5541 
6019 5531 5532 
6020 5533 5540 
6021 5534 5537 
6022 5535 5542 
6023 5535 5543 
6024 5537 5540 
6025 5539 5541 
6026 5544 5545 
6027 5544 5548 
6028 5544 5555 
6029 5545 5552 
6030 5545 5559 
6031 5546 5560 
6032 5547 5556 
6033 5547 5564 
6034 5547 5565 
6035 5549 5563 
6036 5550 5552 
6037 5550 5555 
6038 5551 5556 
6039 5551 5557 
6040 5552 5557 
6041 5553 5558 
6042 5553 5561 
6043 5553 5564 
6044 5554 5555 
6045 5556 5563 
6046 5557 5560 
6047 5558 5565 
6048 5558 5566 
6049 5560 5563 
6050 5562 5564 
6051 5567 5568 
6052 5567 5571 
6053 5567 5578 
6054 5568 5575 
6055 5568 5582 
6056 5569 5583 
6057 5570 5579 
6058 5570 5587 
6059 5570 5588 
6060 5572 5586 
6061 5573 5575 
6062 5573 5578 
6063 5574 5579 
6064 5574 5580 
6065 5575 5580 
6066 5576 5581 
6067 5576 5584 
6068 5576 5587 
6069 5577 5578 
6070 5579 5586 
6071 5580 5583 
6072 5581 5588 
6073 5581 5589 
6074 5583 5586 
6075 5585 5587 
6076 5590 5591 
6077 5590 5594 
6078 5590 5601 
6079 5591 5598 
6080 5591 5605 
6081 5592 5606 
6082 5593 5602 
6083 5593 5610 
6084 5593 5611 
6085 5595 5609 
6086 5596 5598 
6087 5596 5601 
6088 5597 5602 
6089 5597 5603 
6090 5598 5603 
6091 5599 5604 
6092 5599 5607 
6093 5599 5610 
6094 5600 5601 
6095 5602 5609 
6096 5603 5606 
6097 5604 5611 
6098 5604 5612 
6099 5606 5609 
6100 5608 5610 
6101 5613 5614 
6102 5613 5617 
6103 5613 5624 
6104 5614 5621 
6105 5614 5628 
6106 5615 5629 
6107 5616 5625 
6108 5616 5633 
6109 5616 5634 
6110 5618 5632 
6111 5619 5621 
6112 5619 5624 
6113 5620 5625 
6114 5620 5626 
6115 5621 5626 
6116 5622 5627 
6117 5622 5630 
6118 5622 5633 
6119 5623 5624 
6120 5625 5632 
6121 5626 5629 
6122 5627 5634 
6123 5627 5635 
6124 5629 5632 
6125 5631 5633 
6126 5636 5637 
6127 5636 5640 
6128 5636 5647 
6129 5637 5644 
6130 5637 5651 
6131 5638 5652 
6132 5639 5648 
6133 5639 5656 
6134 5639 5657 
6135 5641 5655 
6136 5642 5644 
6137 5642 5647 
6138 5643 5648 
6139 5643 5649 
6140 5644 5649 
6141 5645 5650 
6142 5645 5653 
6143 5645 5656 
6144 5646 5647 
6145 5648 5655 
6146 5649 5652 
6147 5650 5657 
6148 5650 5658 
6149 5652 5655 
6150 5654 5656 
6151 5659 5660 
6152 5659 5663 
6153 5659 5670 
6154 5660 5667 
6155 5660 5674 
6156 5661 5675 
6157 5662 5671 
6158 5662 5679 
6159 5662 5680 
6160 5664 5678 
6161 5665 5667 
6162 5665 5670 
6163 5666 5671 
6164 5666 5672 
6165 5667 5672 
6166 5668 5673 
6167 5668 5676 
6168 5668 5679 
6169 5669 5670 
6170 5671 5678 
6171 5672 5675 
6172 5673 5680 
6173 5673 5681 
6174 5675 5678 
6175 5677 5679 
6176 5682 5683 
6177 5682 5686 
6178 5682 5693 
6179 5683 5690 
6180 5683 5697 
6181 5684 5698 
6182 5685 5694 
6183 5685 5702 
6184 5685 5703 
6185 5687 5701 
6186 5688 5690 
6187 5688 5693 
6188 5689 5694 
6189 5689 5695 
6190 5690 5695 
6191 5691 5696 
6192 5691 5699 
6193 5691 5702 
6194 5692 5693 
6195 5694 5701 
6196 5695 5698 
6197 5696 5703 
6198 5696 5704 
6199 5698 5701 
6200 5700 5702 
6201 5705 5706 
6202 5705 5709 
6203 5705 5716 
6204 5706 5713 
6205 5706 5720 
6206 5707 5721 
6207 5708 5717 
6208 5708 5725 
6209 5708 5726 
6210 5710 5724 
6211 5711 5713 
6212 5711 5716 
6213 5712 5717 
6214 5712 5718 
6215 5713 5718 
6216 5714 5719 
6217 5714 5722 
6218 5714 5725 
6219 5715 5716 
6220 5717 5724 
6221 5718 5721 
6222 5719 5726 
6223 5719 5727 
6224 5721 5724 
6225 5723 5725 
6226 5728 5729 
6227 5728 5732 
6228 5728 5739 
6229 5729 5736 
6230 5729 5743 
6231 5730 5744 
6232 5731 5740 
6233 5731 5748 
6234 5731 5749 
6235 5733 5747 
6236 5734 5736 
6237 5734 5739 
6238 5735 5740 
6239 5735 5741 
6240 5736 5741 
6241 5737 5742 
6242 5737 5745 
6243 5737 5748 
6244 5738 5739 
6245 5740 5747 
6246 5741 5744 
6247 5742 5749 
6248 5742 5750 
6249 5744 5747 
6250 5746 5748 
